  0.36448216459038130     
  0.34194375615943018     
  0.32402864682248594     
  0.30778660947608572     
  0.29307981501160058     
  0.28080270240851540     
  0.27095374013502882     
  0.26301256327071887     
  0.25650452195511952     
  0.25167330876766586     
  0.24792975777679019     
  0.24487442447889382     
  0.24194513960424169     
  0.23918195189756239     
  0.23633931172089320     
  0.23383960117569666     
  0.23162080532258233     
  0.22871158534234765     
  0.22540299505578848     
  0.22175225760485651     
  0.21761972407892183     
  0.21331345189929637     
  0.20894738953047234     
  0.20437247041984677     
  0.19959435121279187     
  0.19490984689363247     
  0.19030032822945811     
  0.18584075570912148     
  0.18142807970341504     
  0.17721762112056100     
  0.17340351339140009     
  0.16990774801927247     
  0.16669430624046891     
  0.16371781083629605     
  0.16087526730674459     
  0.15802161581131194     
  0.15516394469748296     
  0.15224455436620404     
  0.14940835477180234     
  0.14911674477344383     
  0.14960966525434488     
  0.15027791022207537     
  0.15116983619366059     
  0.15221698570054221     
  0.15332009198971125     
  0.15447194134020964     
  0.15571473638562131     
  0.15670072901315438     
  0.15744492051768774     
  0.15785259603035193     
  0.15772547435346679     
  0.15733421306039175     
  0.15705986498857671     
  0.15681557073573718     
  0.15661378015245822     
  0.15650919400093138     
  0.15670314740191665     
  0.15736040491696984     
  0.15819692564191834     
  0.15910562943745674     
  0.15999649347252445     
  0.16093639928722070     
  0.16192697630838401     
  0.16286879975868654     
  0.16384004810060238     
  0.16500109373978036     
  0.16623146331996211     
  0.16766260812643161     
  0.16924196777012379     
  0.17026885291329935     
  0.17030599927255405     
  0.16976888591474967     
  0.16929186084959977     
  0.16903150360171801     
  0.16902335211954142     
  0.16925160320775132     
  0.16945668866736266     
  0.16972662940584329     
  0.17004852159570882     
  0.17038586071482428     
  0.17097763899837209     
  0.17170205165987135     
  0.17250660499340847     
  0.17323010180924039     
  0.17379030415134680     
  0.17438212229924363     
  0.17515623532045518     
  0.17617421319326240     
  0.17725041135182629     
  0.17832788001647876     
  0.17948405838208725     
  0.18084471934039700     
  0.18238670814841107     
  0.18398445330009339     
  0.18565472078135467     
  0.18734212526956853     
  0.18893367896696905     
  0.19043385266083071     
  0.19184602125459246     
  0.19312081356353752     
  0.19406582267672731     
  0.19447280308174450     
  0.19426925279772539     
  0.19362009224570209     
  0.19281300722158626     
  0.19139174428839537     
  0.18948754907387108     
  0.18761436962642397     
  0.18578389801689016     
  0.18414480476504788     
  0.18257650767245845     
  0.18094921055927499     
  0.17926349775301034     
  0.17745205162562555     
  0.17533418202189280     
  0.17310941281279221     
  0.17091466017433715     
  0.16867825220636695     
  0.16649372860688882     
  0.16434123388763616     
  0.16223106900302914     
  0.16018067696056357     
  0.15811399774062496     
  0.15600789412035793     
  0.15395362253943615     
  0.15197147291677693     
  0.15012792780389461     
  0.14843557908563798     
  0.14688756382911680     
  0.14549399604522945     
  0.14434288533224571     
  0.14364592738913726     
  0.14350854804280841     
  0.14380482207639861     
  0.14365005563746142     
  0.14306700502316058     
  0.14260273528111456     
  0.14179297753211409     
  0.14112788212537580     
  0.14077405778038934     
  0.14056762426552000     
  0.14042301534206475     
  0.14040883577099611     
  0.14056471346781163     
  0.14080183923268649     
  0.14145425553149349     
  0.14211650661715869     
  0.14255460433584174     
  0.14277640447425385     
  0.14264206852047473     
  0.14233009331503024     
  0.14204833560047603     
  0.14183260973481890     
  0.14159020753129206     
  0.14130585000853671     
  0.14117394127861338     
  0.14100349633017706     
  0.14053477201692030     
  0.13992591263280571     
  0.13958730500107944     
  0.13951735022681017     
  0.13940068540873937     
  0.13916662629716961     
  0.13879535635902407     
  0.13825704674345271     
  0.13789499283650364     
  0.13795331840203498     
  0.13814168905130195     
  0.13811296398641876     
  0.13783425810414099     
  0.13746028384609071     
  0.13704137957684417     
  0.13669262752169739     
  0.13667925052609184     
  0.13703541331061833     
  0.13747695946986793     
  0.13770193725789334     
  0.13762158378086620     
  0.13697131977819840     
  0.13593212612214486     
  0.13470053435223253     
  0.13372888344480166     
  0.13301776789234507     
  0.13217785711298854     
  0.13126218829328062     
  0.13048795171834005     
  0.12971668168015993     
  0.12908706112749899     
  0.12880627215467791     
  0.12862573696922766     
  0.12836186249763062     
  0.12803352156144629     
  0.12769212405276689     
  0.12725971672370054     
  0.12680212825313775     
  0.12649319662127026     
  0.12647475113884052     
  0.12658438923699583     
  0.12659395021804426     
  0.12642055771417024     
  0.12616678863020886     
  0.12595988107372935     
  0.12571632060225213     
  0.12525238546537409     
  0.12486952632491771     
  0.12471816310531118     
  0.12458489333814476     
  0.12424751494691572     
  0.12387989727722679     
  0.12350248766812652     
  0.12307811976264316     
  0.12263319606921036     
  0.12230096911580196     
  0.12210007803024317     
  0.12193210903759019     
  0.12181027754978657     
  0.12153858008369456     
  0.12113625718045327     
  0.12075934817791469     
  0.12046405639168249     
  0.12027023852913904     
  0.12009467530186972     
  0.11976293570972743     
  0.11925851034899472     
  0.11889138185588441     
  0.11875035469575064     
  0.11871334454778637     
  0.11876244551517304     
  0.11879597524580025     
  0.11875620881673386     
  0.11879763090891278     
  0.11897051831851065     
  0.11923802478277730     
  0.11964005497100530     
  0.12027034155161655     
  0.12092367291150934     
  0.12137318202046397     
  0.12158052530689656     
  0.12152532045140983     
  0.12142085701692384     
  0.12146888060915624     
  0.12157080643763184     
  0.12178566563733076     
  0.12173338739980791     
  0.12155155676771573     
  0.12138228649432335     
  0.12115434775497341     
  0.12077311587875848     
  0.12044630290425030     
  0.12009868357288467     
  0.11976169658388319     
  0.11948377852120320     
  0.11907634655043974     
  0.11840563941189537     
  0.11759452534387904     
  0.11693002079428148     
  0.11649077748055868     
  0.11609508765967590     
  0.11551230282683082     
  0.11482633564382894     
  0.11400275054784927     
  0.11290844706929078     
  0.11109498879560976     
  0.10904479822351185     
  0.10710609105668067     
  0.10548828117105277     
  0.10411604204671032     
  0.10277616095616408     
  0.10131228651801757     
  0.10007517917278028     
   9.8831659427414717E-002
   9.7516718319444681E-002
   9.6255260152116481E-002
   9.5010995431122000E-002
   9.3570472907917215E-002
   9.2148874300676725E-002
   9.0784406232046422E-002
   8.9543356604196295E-002
   8.8627931837001406E-002
   8.7790186933564510E-002
   8.7169766418321012E-002
   8.6885599603289065E-002
   8.6603229727638967E-002
   8.6320220210892321E-002
   8.6225540403194481E-002
   8.6092513802505016E-002
   8.5792409187811433E-002
   8.5767090102686558E-002
   8.5892408474985332E-002
   8.5469477357621615E-002
   8.5228128143448670E-002
   8.5017046766668186E-002
   8.4719694293516584E-002
   8.4285943160903098E-002
   8.3694339715131891E-002
   8.3141773859956858E-002
   8.2685661208916267E-002
   8.2287666294287992E-002
   8.1213684617077148E-002
   7.9786424736731990E-002
   7.8750499799897233E-002
   7.7979321857934117E-002
   7.7336550885088146E-002
   7.6883390736750823E-002
   7.6526863698384559E-002
   7.6244711421255426E-002
   7.6053700727518117E-002
   7.5909796363852824E-002
   7.5906249536201606E-002
   7.6029290930621482E-002
   7.6151820705855133E-002
   7.6215255489335040E-002
   7.6272488466633509E-002
   7.6480446113320721E-002
   7.6812896648765921E-002
   7.7043076082173534E-002
   7.7262996958164298E-002
   7.7529888130076510E-002
   7.7838598832986758E-002
   7.8110204675299000E-002
   7.8420908343096118E-002
   7.8898008682608295E-002
   7.9505838031925083E-002
   8.0174192729139851E-002
   8.0751870592043987E-002
   8.1192936998221305E-002
   8.1511638990576826E-002
   8.1795549199424680E-002
   8.2137682765806880E-002
   8.2498412497519352E-002
   8.2751427358955312E-002
   8.2987627467765682E-002
   8.3259798420391704E-002
   8.3521606188351596E-002
   8.3897554362735133E-002
   8.4176674046325659E-002
   8.4288870612042113E-002
   8.4298911286462386E-002
   8.4366625889729735E-002
   8.4464469767135314E-002
   8.4606576866512753E-002
   8.4834330487073242E-002
   8.5037472119151525E-002
   8.5283389838620771E-002
   8.5651931704332968E-002
   8.6081822660911925E-002
   8.6558862745515427E-002
   8.7038998353114239E-002
   8.7463428600066104E-002
   8.7819817560831237E-002
   8.8136421336201254E-002
   8.8442919855464028E-002
   8.8713847863089876E-002
   8.8866814195012120E-002
   8.8879169293090338E-002
   8.8850637748871794E-002
   8.8860308869709553E-002
   8.8845303547313972E-002
   8.8801720714916169E-002
   8.8825987375850970E-002
   8.8870574809884639E-002
   8.8903863828900392E-002
   8.8975398280712881E-002
   8.9126842452540697E-002
   8.9325188270548972E-002
   8.9524523260662570E-002
   8.9707139634745456E-002
   8.9921029666541460E-002
   9.0306444661069324E-002
   9.0724908426178225E-002
   9.0546812905460849E-002
   9.0354659625677569E-002
   9.0306949371259423E-002
   9.0379021361609385E-002
   9.0493222766126105E-002
   9.0596704730179861E-002
   9.0637246519591153E-002
   9.0676320616259937E-002
   9.0833122610954026E-002
   9.0962899036070688E-002
   9.1079435120317243E-002
   9.1146191935256693E-002
   9.1158483999726439E-002
   9.1298430260465899E-002
   9.1531117715812974E-002
   9.1215772321077596E-002
   9.0953470437101891E-002
   9.0772183396166523E-002
   9.0860466632000314E-002
   9.0922618767252050E-002
   9.1063840156799136E-002
   9.1291671995988852E-002
   9.1665932329333080E-002
   9.1998237416526379E-002
   9.2397251338640421E-002
   9.2739849288546561E-002
   9.3062215605474230E-002
   9.3212917289915362E-002
   9.3392998613203979E-002
   9.3617996863197661E-002
   9.3855270707056529E-002
   9.4061829224529991E-002
   9.4289969460340836E-002
   9.4541025340389634E-002
   9.4745754528250778E-002
   9.4880920702606147E-002
   9.4959794702912118E-002
   9.4996117451681142E-002
   9.4976167049248633E-002
   9.4887291653151920E-002
   9.4801167030700337E-002
   9.4859899032185738E-002
   9.5185424886928549E-002
   9.5640877023320511E-002
   9.5758564868768409E-002
   9.5797388460682503E-002
   9.5842731775585444E-002
   9.5822120306362765E-002
   9.5715054630533522E-002
   9.5468039412022407E-002
   9.5117000589337350E-002
   9.4645244925725999E-002
   9.4037056549295256E-002
   9.3444304111867035E-002
   9.2912442278582696E-002
   9.2307429176856096E-002
   9.1624893297291440E-002
   9.0885982741072860E-002
   9.0033376584724767E-002
   8.9041349760519709E-002
   8.8053424534713126E-002
   8.7095534130879226E-002
   8.6186268477989048E-002
   8.5281635586381938E-002
   8.4399166998260555E-002
   8.3478518942843666E-002
   8.2695413879540880E-002
   8.2087428658791012E-002
   8.1584563108348981E-002
   8.1183592949914327E-002
   8.0930276156171363E-002
   8.0805894222163846E-002
   8.0771019816059400E-002
   8.0923459619085508E-002
   8.1188410651738790E-002
   8.1285060296506659E-002
   8.1307392199335818E-002
   8.1306080601759964E-002
   8.1332494602153776E-002
   8.1461541855842409E-002
   8.1658146355349612E-002
   8.1935167411960039E-002
   8.2234651913510204E-002
   8.2520977531234330E-002
   8.2819526956025735E-002
   8.3139328008328989E-002
   8.3448592087612031E-002
   8.3778535876983806E-002
   8.4188680496259646E-002
   8.4699314528889749E-002
   8.5269832625400332E-002
   8.5798532830948099E-002
   8.6248298361661271E-002
   8.6652605532527432E-002
   8.7025584062985203E-002
   8.7500977157727394E-002
   8.7668052465917676E-002
   8.7574953491464269E-002
   8.7619662959399033E-002
   8.7884205607882557E-002
   8.8069954540796191E-002
   8.8133898240783576E-002
   8.8144293358299278E-002
   8.8154726655122820E-002
   8.8139025753325662E-002
   8.8144599578329860E-002
   8.8095869195738891E-002
   8.7960490085833509E-002
   8.7812159137185486E-002
   8.7655416119827106E-002
   8.7505739794900936E-002
   8.7368813985228069E-002
   8.7205510428131128E-002
   8.7047701500767155E-002
   8.6965283373492894E-002
   8.6696904500697516E-002
   8.6252506599487494E-002
   8.5806621537368954E-002
   8.5493317886394637E-002
   8.5310814333648829E-002
   8.5137258292641446E-002
   8.4976288607706105E-002
   8.4917140707450850E-002
   8.4949300015762980E-002
   8.5110238893911283E-002
   8.5374812490984303E-002
   8.5405115510401891E-002
   8.5572967000237005E-002
   8.5875956236545037E-002
   8.6287225783738583E-002
   8.6807899199320346E-002
   8.7431243562468619E-002
   8.8027174749672879E-002
   8.8576605390258453E-002
   8.8990120788616442E-002
   8.9350978264979564E-002
   8.9736051910936546E-002
   9.0171002188620689E-002
   9.0624055992133579E-002
   9.1041158365561370E-002
   9.1468716091364186E-002
   9.1920879636736758E-002
   9.2448996731709712E-002
   9.2988411578641600E-002
   9.3458434831391143E-002
   9.3839182913248845E-002
   9.4170323979844719E-002
   9.4457617697176297E-002
   9.4709682014296276E-002
   9.4946969059942016E-002
   9.5126000698097984E-002
   9.5178955944689461E-002
   9.5108342798050791E-002
   9.4942757318813742E-002
   9.4722449074879880E-002
   9.4454121967700852E-002
   9.4212052371734481E-002
   9.4022482332364668E-002
   9.3692821807410329E-002
   9.3238517571296850E-002
   9.2718558395191941E-002
   9.2177722772527240E-002
   9.1590026066656269E-002
   9.0917503847768547E-002
   9.0183298382355614E-002
   8.9456075821511161E-002
   8.8756036521822193E-002
   8.8051764827980550E-002
   8.7324008103622189E-002
   8.6641173379653921E-002
   8.6022577047921822E-002
   8.5315853563990934E-002
   8.4580202678501512E-002
   8.3924733804463678E-002
   8.3358892753965838E-002
   8.2847754099603502E-002
   8.2388877961970169E-002
   8.2027727469786427E-002
   8.1819496450862714E-002
   8.1767886670959952E-002
   8.1752037026035909E-002
   8.1675844287401350E-002
   8.1556016733007386E-002
   8.1509587303329967E-002
   8.1397006592914795E-002
   8.1446596569925464E-002
   8.1357696371180371E-002
   8.1434331475658692E-002
   8.1244367287883673E-002
   8.1083548293346394E-002
   8.1132716333206414E-002
   8.1252558485289700E-002
   8.1534389822531833E-002
   8.1735567403931925E-002
   8.1884840740157616E-002
   8.2150291115417592E-002
   8.2529847527907693E-002
   8.2925995993754165E-002
   8.3399993287129701E-002
   8.3950328729406748E-002
   8.4537326238473001E-002
   8.5121422646406111E-002
   8.5734110547864367E-002
   8.6394793648824214E-002
   8.7056184392854882E-002
   8.7822832591312405E-002
   8.8517289362396084E-002
   8.9065609032378312E-002
   8.9519896074044245E-002
   8.9875056316439744E-002
   9.0074127550172842E-002
   9.0050306564012167E-002
   8.9854073639052776E-002
   8.9560915225965057E-002
   8.9136940528618216E-002
   8.8500023999720276E-002
   8.7772529354071191E-002
   8.7581452642021149E-002
   8.7271399357655460E-002
   8.5886073953377565E-002
   8.5469725208808273E-002
   8.5351941719811211E-002
   8.5262036892553170E-002
   8.5160740885475969E-002
   8.5037155603906289E-002
   8.5068889050470567E-002
   8.5274404195885042E-002
   8.5498433034243884E-002
   8.5868139678839731E-002
   8.6284423530632204E-002
   8.6698039740478017E-002
   8.7158120955880505E-002
   8.7648779620712741E-002
   8.8177881166644406E-002
   8.8750306864508341E-002
   8.9362502456853329E-002
   8.9833891220917506E-002
   8.9976758935029474E-002
   8.9898176842997460E-002
   8.9701125265693626E-002
   8.9438919608274589E-002
   8.9137976777547631E-002
   8.8859058843191924E-002
   8.8647699272726685E-002
   8.8440284540702518E-002
   8.8217738725089687E-002
   8.7926733098585244E-002
   8.7572435588543593E-002
   8.7119670256399703E-002
   8.6547243357159229E-002
   8.5927208912591563E-002
   8.5336016279158669E-002
   8.4930679853367788E-002
   8.4544299866698508E-002
   8.4274485275821071E-002
   8.4113543665482765E-002
   8.4070802052976651E-002
   8.4083887801806978E-002
   8.4098624271510256E-002
   8.4063253068081614E-002
   8.3979696794644107E-002
   8.3912048157220601E-002
   8.3883358377460637E-002
   8.3887147890581631E-002
   8.3897138655401410E-002
   8.3928317563462890E-002
   8.4043370129165643E-002
   8.4012092657892640E-002
   8.3874598045876311E-002
   8.3652805468815192E-002
   8.3367117936312643E-002
   8.3066521105476576E-002
   8.2841424102579803E-002
   8.2669457596438262E-002
   8.2704496959496387E-002
   8.2499001616716736E-002
   8.2135971001297575E-002
   8.1782996772650371E-002
   8.1557681080793670E-002
   8.1499338605206889E-002
   8.1216391730143681E-002
   8.0854810890720372E-002
   8.0654672385452431E-002
   8.0528658545871434E-002
   8.0573934231798428E-002
   8.0672295948108458E-002
   8.0742865230071958E-002
   8.0809031876896018E-002
   8.0825881059321134E-002
   8.0735267441228581E-002
   8.0630983406289630E-002
   8.0601414200663246E-002
   8.0611322957484757E-002
   8.0624462092830987E-002
   8.0658655518908842E-002
   8.0831401712814555E-002
   8.1077678740679240E-002
   8.1310252349788448E-002
   8.1473288409769334E-002
   8.1616912521558421E-002
   8.1826460328971187E-002
   8.2040203603827688E-002
   8.2209535357632368E-002
   8.2331468808403682E-002
   8.2463464538931788E-002
   8.2650307062813858E-002
   8.2889190846783020E-002
   8.3212734966690807E-002
   8.3431847558833816E-002
   8.3598784429470663E-002
   8.3535202722092444E-002
   8.3535170274474269E-002
   8.3436334405489421E-002
   8.3322872388152849E-002
   8.3382555160882041E-002
   8.3451833344378293E-002
   8.3515531646131624E-002
   8.3643494185643916E-002
   8.3838924143870105E-002
   8.4101271827029589E-002
   8.4380301634432595E-002
   8.4788106717411424E-002
   8.5336469249663538E-002
   8.5849586376739132E-002
   8.6417754098647451E-002
   8.7168809670717801E-002
   8.7995952025477206E-002
   8.8838863534496590E-002
   8.9705394077402412E-002
   9.0586287489889797E-002
   9.1422824382821621E-002
   9.2173524040059684E-002
   9.2891216457255593E-002
   9.3656056705615692E-002
   9.4441621651119315E-002
   9.5211171410873041E-002
   9.5992987179119110E-002
   9.6772924355530102E-002
   9.7458262283326949E-002
   9.8012678559833588E-002
   9.8400624621282212E-002
   9.8715756376344499E-002
   9.9066740725387570E-002
   9.9499933578674482E-002
  0.10000823282973015     
  0.10051987438664614     
  0.10100838555992070     
  0.10148916183130037     
  0.10194201067904071     
  0.10233629832824187     
  0.10267764168939698     
  0.10296959700717216     
  0.10321194580631574     
  0.10345307817942247     
  0.10369950549406366     
  0.10385125350491170     
  0.10387397612233976     
  0.10383130262471520     
  0.10376262358452035     
  0.10366644556093997     
  0.10352773961185339     
  0.10331617043316520     
  0.10294970853965442     
  0.10240908080906068     
  0.10167622429380518     
  0.10078935528615997     
   9.9831880035501794E-002
   9.8779261273288455E-002
   9.7645248050268488E-002
   9.6687348334593207E-002
   9.6165283133513857E-002
   9.5691769999832324E-002
   9.5281723446908703E-002
   9.5019329110853229E-002
   9.4871290955668888E-002
   9.4766837648787072E-002
   9.4738929725491985E-002
   9.4851835391698391E-002
   9.5052520161862386E-002
   9.5288187559526505E-002
   9.5474553358843431E-002
   9.5549083802897061E-002
   9.5477679394819909E-002
   9.5385950912898157E-002
   9.5301025508106985E-002
   9.5121061912414887E-002
   9.4647343949925938E-002
   9.3955224302670393E-002
   9.3244858147923729E-002
   9.2709502810235184E-002
   9.2476829117339759E-002
   9.2335083369123938E-002
   9.1891325868214885E-002
   9.1339584902978124E-002
   9.0844062708439033E-002
   9.0531432988846680E-002
   9.0378049682919223E-002
   9.0342715442152055E-002
   9.0358970262842245E-002
   9.0543193933951063E-002
   9.0785058361587082E-002
   9.0567696264095651E-002
   9.0207904467117794E-002
   8.9882471816041379E-002
   8.9553876762279550E-002
   8.9221818731175767E-002
   0.0000000000000000     
   0.0000000000000000     
   0.0000000000000000     
   0.0000000000000000     
   0.0000000000000000     
   0.0000000000000000     
   0.0000000000000000     
   0.0000000000000000     
   0.0000000000000000     
   0.0000000000000000     
   0.0000000000000000     
   0.0000000000000000     
   0.0000000000000000     
   0.0000000000000000     
   0.0000000000000000     
   0.0000000000000000     
   0.0000000000000000     
   0.0000000000000000     
   0.0000000000000000     
   0.0000000000000000     
   0.0000000000000000     
   0.0000000000000000     
   0.0000000000000000     
   0.0000000000000000     
   0.0000000000000000     
   0.0000000000000000     
   0.0000000000000000     
   0.0000000000000000     
   0.0000000000000000     
   0.0000000000000000     
   0.0000000000000000     
   0.0000000000000000     
   0.0000000000000000     
   0.0000000000000000     
   0.0000000000000000     
   0.0000000000000000     
   0.0000000000000000     
   0.0000000000000000     
   0.0000000000000000     
   0.0000000000000000     
   0.0000000000000000     
   0.0000000000000000     
   0.0000000000000000     
   0.0000000000000000     
   0.0000000000000000     
   0.0000000000000000     
   0.0000000000000000     
   0.0000000000000000     
   0.0000000000000000     
   0.0000000000000000     
   0.0000000000000000     
   0.0000000000000000     
   0.0000000000000000     
   0.0000000000000000     
   0.0000000000000000     
   0.0000000000000000     
   0.0000000000000000     
   0.0000000000000000     
   0.0000000000000000     
   0.0000000000000000     
   0.0000000000000000     
   0.0000000000000000     
   0.0000000000000000     
   0.0000000000000000     
   0.0000000000000000     
   0.0000000000000000     
   0.0000000000000000     
   0.0000000000000000     
   0.0000000000000000     
   0.0000000000000000     
   0.0000000000000000     
   0.0000000000000000     
   0.0000000000000000     
   0.0000000000000000     
   0.0000000000000000     
   0.0000000000000000     
   0.0000000000000000     
   0.0000000000000000     
   0.0000000000000000     
   0.0000000000000000     
   0.0000000000000000     
   0.0000000000000000     
   0.0000000000000000     
   0.0000000000000000     
   0.0000000000000000     
   0.0000000000000000     
   0.0000000000000000     
   0.0000000000000000     
   0.0000000000000000     
   0.0000000000000000     
   0.0000000000000000     
   0.0000000000000000     
   0.0000000000000000     
   0.0000000000000000     
   0.0000000000000000     
   0.0000000000000000     
   0.0000000000000000     
   0.0000000000000000     
   0.0000000000000000     
   0.0000000000000000     
   0.0000000000000000     
   0.0000000000000000     
   0.0000000000000000     
   0.0000000000000000     
   0.0000000000000000     
   0.0000000000000000     
   0.0000000000000000     
   0.0000000000000000     
   0.0000000000000000     
   0.0000000000000000     
   0.0000000000000000     
   0.0000000000000000     
   0.0000000000000000     
   0.0000000000000000     
   0.0000000000000000     
   0.0000000000000000     
   0.0000000000000000     
   0.0000000000000000     
   0.0000000000000000     
   0.0000000000000000     
   0.0000000000000000     
   0.0000000000000000     
   0.0000000000000000     
   0.0000000000000000     
   0.0000000000000000     
   0.0000000000000000     
   0.0000000000000000     
   0.0000000000000000     
   0.0000000000000000     
   0.0000000000000000     
   0.0000000000000000     
   0.0000000000000000     
   0.0000000000000000     
   0.0000000000000000     
   0.0000000000000000     
   0.0000000000000000     
   0.0000000000000000     
   0.0000000000000000     
   0.0000000000000000     
   0.0000000000000000     
   0.0000000000000000     
   0.0000000000000000     
   0.0000000000000000     
   0.0000000000000000     
   0.0000000000000000     
   0.0000000000000000     
   0.0000000000000000     
   0.0000000000000000     
   0.0000000000000000     
   0.0000000000000000     
   0.0000000000000000     
   0.0000000000000000     
   0.0000000000000000     
   0.0000000000000000     
   0.0000000000000000     
   0.0000000000000000     
   0.0000000000000000     
   0.0000000000000000     
   0.0000000000000000     
   0.0000000000000000     
   0.0000000000000000     
   0.0000000000000000     
   0.0000000000000000     
   0.0000000000000000     
   0.0000000000000000     
   0.0000000000000000     
   0.0000000000000000     
   0.0000000000000000     
   0.0000000000000000     
   0.0000000000000000     
   0.0000000000000000     
   0.0000000000000000     
   0.0000000000000000     
   0.0000000000000000     
   0.0000000000000000     
   0.0000000000000000     
   0.0000000000000000     
   0.0000000000000000     
   0.0000000000000000     
   0.0000000000000000     
   0.0000000000000000     
   0.0000000000000000     
   0.0000000000000000     
   0.0000000000000000     
   0.0000000000000000     
   0.0000000000000000     
   0.0000000000000000     
   0.0000000000000000     
   0.0000000000000000     
   0.0000000000000000     
   0.0000000000000000     
   0.0000000000000000     
   0.0000000000000000     
   0.0000000000000000     
   0.0000000000000000     
   0.0000000000000000     
   0.0000000000000000     
   0.0000000000000000     
   0.0000000000000000     
   0.0000000000000000     
   0.0000000000000000     
   0.0000000000000000     
   0.0000000000000000     
   0.0000000000000000     
   0.0000000000000000     
   0.0000000000000000     
   0.0000000000000000     
   0.0000000000000000     
   0.0000000000000000     
   0.0000000000000000     
   0.0000000000000000     
   0.0000000000000000     
   0.0000000000000000     
   0.0000000000000000     
   0.0000000000000000     
   0.0000000000000000     
   0.0000000000000000     
   0.0000000000000000     
   0.0000000000000000     
   0.0000000000000000     
   0.0000000000000000     
   0.0000000000000000     
   0.0000000000000000     
   0.0000000000000000     
   0.0000000000000000     
   0.0000000000000000     
   0.0000000000000000     
   0.0000000000000000     
   0.0000000000000000     
   0.0000000000000000     
   0.0000000000000000     
   0.0000000000000000     
   0.0000000000000000     
   0.0000000000000000     
   0.0000000000000000     
   0.0000000000000000     
   0.0000000000000000     
   0.0000000000000000     
   0.0000000000000000     
   0.0000000000000000     
   0.0000000000000000     
   0.0000000000000000     
   0.0000000000000000     
   0.0000000000000000     
   0.0000000000000000     
   0.0000000000000000     
   0.0000000000000000     
   0.0000000000000000     
   0.0000000000000000     
   0.0000000000000000     
   0.0000000000000000     
   0.0000000000000000     
   0.0000000000000000     
   0.0000000000000000     
   0.0000000000000000     
   0.0000000000000000     
   0.0000000000000000     
   0.0000000000000000     
   0.0000000000000000     
   0.0000000000000000     
   0.0000000000000000     
   0.0000000000000000     
   0.0000000000000000     
   0.0000000000000000     
   0.0000000000000000     
   0.0000000000000000     
   0.0000000000000000     
   0.0000000000000000     
   0.0000000000000000     
   0.0000000000000000     
   0.0000000000000000     
   0.0000000000000000     
   0.0000000000000000     
   0.0000000000000000     
   0.0000000000000000     
   0.0000000000000000     
   0.0000000000000000     
   0.0000000000000000     
   0.0000000000000000     
   0.0000000000000000     
   0.0000000000000000     
   0.0000000000000000     
   0.0000000000000000     
   0.0000000000000000     
   0.0000000000000000     
   0.0000000000000000     
   0.0000000000000000     
   0.0000000000000000     
   0.0000000000000000     
   0.0000000000000000     
   0.0000000000000000     
   0.0000000000000000     
   0.0000000000000000     
   0.0000000000000000     
   0.0000000000000000     
   0.0000000000000000     
   0.0000000000000000     
   0.0000000000000000     
   0.0000000000000000     
   0.0000000000000000     
   0.0000000000000000     
   0.0000000000000000     
   0.0000000000000000     
   0.0000000000000000     
   0.0000000000000000     
   0.0000000000000000     
   0.0000000000000000     
   0.0000000000000000     
   0.0000000000000000     
   0.0000000000000000     
   0.0000000000000000     
   0.0000000000000000     
   0.0000000000000000     
   0.0000000000000000     
   0.0000000000000000     
   0.0000000000000000     
   0.0000000000000000     
   0.0000000000000000     
   0.0000000000000000     
   0.0000000000000000     
   0.0000000000000000     
   0.0000000000000000     
   0.0000000000000000     
   0.0000000000000000     
   0.0000000000000000     
   0.0000000000000000     
   0.0000000000000000     
   0.0000000000000000     
   0.0000000000000000     
   0.0000000000000000     
   0.0000000000000000     
   0.0000000000000000     
   0.0000000000000000     
   0.0000000000000000     
   0.0000000000000000     
   0.0000000000000000     
   0.0000000000000000     
   0.0000000000000000     
   0.0000000000000000     
   0.0000000000000000     
   0.0000000000000000     
   0.0000000000000000     
   0.0000000000000000     
   0.0000000000000000     
   0.0000000000000000     
   0.0000000000000000     
   0.0000000000000000     
   0.0000000000000000     
   0.0000000000000000     
   0.0000000000000000     
   0.0000000000000000     
   0.0000000000000000     
   0.0000000000000000     
   0.0000000000000000     
   0.0000000000000000     
   0.0000000000000000     
   0.0000000000000000     
   0.0000000000000000     
   0.0000000000000000     
   0.0000000000000000     
   0.0000000000000000     
   0.0000000000000000     
   0.0000000000000000     
   0.0000000000000000     
   0.0000000000000000     
   0.0000000000000000     
   0.0000000000000000     
   0.0000000000000000     
   0.0000000000000000     
   0.0000000000000000     
   0.0000000000000000     
   0.0000000000000000     
   0.0000000000000000     
   0.0000000000000000     
   0.0000000000000000     
   0.0000000000000000     
   0.0000000000000000     
   0.0000000000000000     
   0.0000000000000000     
   0.0000000000000000     
   0.0000000000000000     
   0.0000000000000000     
   0.0000000000000000     
   0.0000000000000000     
   0.0000000000000000     
   0.0000000000000000     
   0.0000000000000000     
   0.0000000000000000     
   0.0000000000000000     
   0.0000000000000000     
   0.0000000000000000     
   0.0000000000000000     
   0.0000000000000000     
   0.0000000000000000     
   0.0000000000000000     
   0.0000000000000000     
   0.0000000000000000     
   0.0000000000000000     
   0.0000000000000000     
   0.0000000000000000     
   0.0000000000000000     
   0.0000000000000000     
   0.0000000000000000     
   0.0000000000000000     
   0.0000000000000000     
   0.0000000000000000     
   0.0000000000000000     
   0.0000000000000000     
   0.0000000000000000     
   0.0000000000000000     
   0.0000000000000000     
   0.0000000000000000     
   0.0000000000000000     
   0.0000000000000000     
   0.0000000000000000     
   0.0000000000000000     
   0.0000000000000000     
   0.0000000000000000     
   0.0000000000000000     
   0.0000000000000000     
   0.0000000000000000     
   0.0000000000000000     
   0.0000000000000000     
   0.0000000000000000     
   0.0000000000000000     
   0.0000000000000000     
   0.0000000000000000     
   0.0000000000000000     
   0.0000000000000000     
   0.0000000000000000     
   0.0000000000000000     
   0.0000000000000000     
   0.0000000000000000     
   0.0000000000000000     
   0.0000000000000000     
   0.0000000000000000     
   0.0000000000000000     
   0.0000000000000000     
   0.0000000000000000     
   0.0000000000000000     
   0.0000000000000000     
   0.0000000000000000     
   0.0000000000000000     
   0.0000000000000000     
   0.0000000000000000     
   0.0000000000000000     
   0.0000000000000000     
   0.0000000000000000     
   0.0000000000000000     
   0.0000000000000000     
   0.0000000000000000     
   0.0000000000000000     
   0.0000000000000000     
   0.0000000000000000     
   0.0000000000000000     
   0.0000000000000000     
   0.0000000000000000     
   0.0000000000000000     
   0.0000000000000000     
   0.0000000000000000     
   0.0000000000000000     
   0.0000000000000000     
   0.0000000000000000     
   0.0000000000000000     
   0.0000000000000000     
   0.0000000000000000     
   0.0000000000000000     
   0.0000000000000000     
   0.0000000000000000     
   0.0000000000000000     
   0.0000000000000000     
   0.0000000000000000     
   0.0000000000000000     
   0.0000000000000000     
   0.0000000000000000     
   0.0000000000000000     
   0.0000000000000000     
   0.0000000000000000     
   0.0000000000000000     
   0.0000000000000000     
   0.0000000000000000     
   0.0000000000000000     
   0.0000000000000000     
   0.0000000000000000     
   0.0000000000000000     
   0.0000000000000000     
   0.0000000000000000     
   0.0000000000000000     
   0.0000000000000000     
   0.0000000000000000     
   0.0000000000000000     
   0.0000000000000000     
   0.0000000000000000     
   0.0000000000000000     
   0.0000000000000000     
   0.0000000000000000     
   0.0000000000000000     
   0.0000000000000000     
   0.0000000000000000     
   0.0000000000000000     
   0.0000000000000000     
   0.0000000000000000     
   0.0000000000000000     
   0.0000000000000000     
   0.0000000000000000     
   0.0000000000000000     
   0.0000000000000000     
   0.0000000000000000     
   0.0000000000000000     
   0.0000000000000000     
   0.0000000000000000     
   0.0000000000000000     
   0.0000000000000000     
   0.0000000000000000     
   0.0000000000000000     
   0.0000000000000000     
   0.0000000000000000     
   0.0000000000000000     
   0.0000000000000000     
   0.0000000000000000     
   0.0000000000000000     
   0.0000000000000000     
   0.0000000000000000     
   0.0000000000000000     
   0.0000000000000000     
   0.0000000000000000     
   0.0000000000000000     
   0.0000000000000000     
   0.0000000000000000     
   0.0000000000000000     
   0.0000000000000000     
   0.0000000000000000     
   0.0000000000000000     
   0.0000000000000000     
   0.0000000000000000     
   0.0000000000000000     
   0.0000000000000000     
   0.0000000000000000     
   0.0000000000000000     
   0.0000000000000000     
   0.0000000000000000     
   0.0000000000000000     
   0.0000000000000000     
   0.0000000000000000     
   0.0000000000000000     
   0.0000000000000000     
   0.0000000000000000     
   0.0000000000000000     
   0.0000000000000000     
   0.0000000000000000     
   0.0000000000000000     
   0.0000000000000000     
   0.0000000000000000     
   0.0000000000000000     
   0.0000000000000000     
   0.0000000000000000     
   0.0000000000000000     
   0.0000000000000000     
   0.0000000000000000     
   0.0000000000000000     
   0.0000000000000000     
   0.0000000000000000     
   0.0000000000000000     
   0.0000000000000000     
   0.0000000000000000     
   0.0000000000000000     
   0.0000000000000000     
   0.0000000000000000     
   0.0000000000000000     
   0.0000000000000000     
   0.0000000000000000     
   0.0000000000000000     
   0.0000000000000000     
   0.0000000000000000     
   0.0000000000000000     
   0.0000000000000000     
   0.0000000000000000     
   0.0000000000000000     
   0.0000000000000000     
   0.0000000000000000     
   0.0000000000000000     
   0.0000000000000000     
   0.0000000000000000     
   0.0000000000000000     
   0.0000000000000000     
   0.0000000000000000     
   0.0000000000000000     
   0.0000000000000000     
   0.0000000000000000     
   0.0000000000000000     
   0.0000000000000000     
   0.0000000000000000     
   0.0000000000000000     
   0.0000000000000000     
   0.0000000000000000     
   0.0000000000000000     
   0.0000000000000000     
   0.0000000000000000     
   0.0000000000000000     
   0.0000000000000000     
   0.0000000000000000     
   0.0000000000000000     
   0.0000000000000000     
   0.0000000000000000     
   0.0000000000000000     
   0.0000000000000000     
   0.0000000000000000     
   0.0000000000000000     
   0.0000000000000000     
   0.0000000000000000     
   0.0000000000000000     
   0.0000000000000000     
   0.0000000000000000     
   0.0000000000000000     
   0.0000000000000000     
   0.0000000000000000     
   0.0000000000000000     
   0.0000000000000000     
   0.0000000000000000     
   0.0000000000000000     
   0.0000000000000000     
   0.0000000000000000     
   0.0000000000000000     
   0.0000000000000000     
   0.0000000000000000     
   0.0000000000000000     
   0.0000000000000000     
   0.0000000000000000     
   0.0000000000000000     
   0.0000000000000000     
   0.0000000000000000     
   0.0000000000000000     
   0.0000000000000000     
   0.0000000000000000     
   0.0000000000000000     
   0.0000000000000000     
   0.0000000000000000     
   0.0000000000000000     
   0.0000000000000000     
   0.0000000000000000     
   0.0000000000000000     
   0.0000000000000000     
   0.0000000000000000     
   0.0000000000000000     
   0.0000000000000000     
   0.0000000000000000     
   0.0000000000000000     
   0.0000000000000000     
   0.0000000000000000     
   0.0000000000000000     
   0.0000000000000000     
   0.0000000000000000     
   0.0000000000000000     
   0.0000000000000000     
   0.0000000000000000     
   0.0000000000000000     
   0.0000000000000000     
   0.0000000000000000     
   0.0000000000000000     
   0.0000000000000000     
   0.0000000000000000     
   0.0000000000000000     
   0.0000000000000000     
   0.0000000000000000     
   0.0000000000000000     
   0.0000000000000000     
   0.0000000000000000     
   0.0000000000000000     
   0.0000000000000000     
   0.0000000000000000     
   0.0000000000000000     
   0.0000000000000000     
   0.0000000000000000     
   0.0000000000000000     
   0.0000000000000000     
   0.0000000000000000     
   0.0000000000000000     
   0.0000000000000000     
   0.0000000000000000     
   0.0000000000000000     
   0.0000000000000000     
   0.0000000000000000     
   0.0000000000000000     
   0.0000000000000000     
   0.0000000000000000     
   0.0000000000000000     
   0.0000000000000000     
   0.0000000000000000     
   0.0000000000000000     
   0.0000000000000000     
   0.0000000000000000     
   0.0000000000000000     
   0.0000000000000000     
   0.0000000000000000     
   0.0000000000000000     
   0.0000000000000000     
   0.0000000000000000     
   0.0000000000000000     
   0.0000000000000000     
   0.0000000000000000     
   0.0000000000000000     
   0.0000000000000000     
   0.0000000000000000     
   0.0000000000000000     
   0.0000000000000000     
   0.0000000000000000     
   0.0000000000000000     
   0.0000000000000000     
   0.0000000000000000     
   0.0000000000000000     
   0.0000000000000000     
   0.0000000000000000     
   0.0000000000000000     
   0.0000000000000000     
   0.0000000000000000     
   0.0000000000000000     
   0.0000000000000000     
   0.0000000000000000     
   0.0000000000000000     
   0.0000000000000000     
   0.0000000000000000     
   0.0000000000000000     
   0.0000000000000000     
   0.0000000000000000     
   0.0000000000000000     
   0.0000000000000000     
   0.0000000000000000     
   0.0000000000000000     
   0.0000000000000000     
   0.0000000000000000     
   0.0000000000000000     
   0.0000000000000000     
   0.0000000000000000     
   0.0000000000000000     
   0.0000000000000000     
   0.0000000000000000     
   0.0000000000000000     
   0.0000000000000000     
   0.0000000000000000     
   0.0000000000000000     
   0.0000000000000000     
   0.0000000000000000     
   0.0000000000000000     
   0.0000000000000000     
   0.0000000000000000     
   0.0000000000000000     
   0.0000000000000000     
   0.0000000000000000     
   0.0000000000000000     
   0.0000000000000000     
   0.0000000000000000     
   0.0000000000000000     
   0.0000000000000000     
   0.0000000000000000     
   0.0000000000000000     
   0.0000000000000000     
   0.0000000000000000     
   0.0000000000000000     
   0.0000000000000000     
   0.0000000000000000     
   0.0000000000000000     
   0.0000000000000000     
   0.0000000000000000     
   0.0000000000000000     
   0.0000000000000000     
   0.0000000000000000     
   0.0000000000000000     
   0.0000000000000000     
   0.0000000000000000     
   0.0000000000000000     
   0.0000000000000000     
   0.0000000000000000     
   0.0000000000000000     
   0.0000000000000000     
   0.0000000000000000     
   0.0000000000000000     
   0.0000000000000000     
   0.0000000000000000     
   0.0000000000000000     
   0.0000000000000000     
   0.0000000000000000     
   0.0000000000000000     
   0.0000000000000000     
   0.0000000000000000     
   0.0000000000000000     
   0.0000000000000000     
   0.0000000000000000     
   0.0000000000000000     
   0.0000000000000000     
   0.0000000000000000     
   0.0000000000000000     
   0.0000000000000000     
   0.0000000000000000     
   0.0000000000000000     
   0.0000000000000000     
   0.0000000000000000     
   0.0000000000000000     
   0.0000000000000000     
   0.0000000000000000     
   0.0000000000000000     
   0.0000000000000000     
   0.0000000000000000     
   0.0000000000000000     
   0.0000000000000000     
   0.0000000000000000     
   0.0000000000000000     
   0.0000000000000000     
   0.0000000000000000     
   0.0000000000000000     
   0.0000000000000000     
   0.0000000000000000     
   0.0000000000000000     
   0.0000000000000000     
   0.0000000000000000     
   0.0000000000000000     
   0.0000000000000000     
   0.0000000000000000     
   0.0000000000000000     
   0.0000000000000000     
   0.0000000000000000     
   0.0000000000000000     
   0.0000000000000000     
   0.0000000000000000     
   0.0000000000000000     
   0.0000000000000000     
   0.0000000000000000     
   0.0000000000000000     
   0.0000000000000000     
   0.0000000000000000     
   0.0000000000000000     
   0.0000000000000000     
   0.0000000000000000     
   0.0000000000000000     
   0.0000000000000000     
   0.0000000000000000     
   0.0000000000000000     
   0.0000000000000000     
   0.0000000000000000     
   0.0000000000000000     
   0.0000000000000000     
   0.0000000000000000     
   0.0000000000000000     
   0.0000000000000000     
   0.0000000000000000     
   0.0000000000000000     
   0.0000000000000000     
   0.0000000000000000     
   0.0000000000000000     
   0.0000000000000000     
   0.0000000000000000     
   0.0000000000000000     
   0.0000000000000000     
   0.0000000000000000     
   0.0000000000000000     
   0.0000000000000000     
   0.0000000000000000     
   0.0000000000000000     
   0.0000000000000000     
   0.0000000000000000     
   0.0000000000000000     
   0.0000000000000000     
   0.0000000000000000     
   0.0000000000000000     
   0.0000000000000000     
   0.0000000000000000     
   0.0000000000000000     
   0.0000000000000000     
   0.0000000000000000     
   0.0000000000000000     
   0.0000000000000000     
   0.0000000000000000     
   0.0000000000000000     
   0.0000000000000000     
   0.0000000000000000     
   0.0000000000000000     
   0.0000000000000000     
   0.0000000000000000     
   0.0000000000000000     
   0.0000000000000000     
   0.0000000000000000     
   0.0000000000000000     
   0.0000000000000000     
   0.0000000000000000     
   0.0000000000000000     
   0.0000000000000000     
   0.0000000000000000     
   0.0000000000000000     
   0.0000000000000000     
   0.0000000000000000     
   0.0000000000000000     
   0.0000000000000000     
   0.0000000000000000     
   0.0000000000000000     
   0.0000000000000000     
   0.0000000000000000     
   0.0000000000000000     
   0.0000000000000000     
   0.0000000000000000     
   0.0000000000000000     
   0.0000000000000000     
   0.0000000000000000     
   0.0000000000000000     
   0.0000000000000000     
   0.0000000000000000     
   0.0000000000000000     
   0.0000000000000000     
   0.0000000000000000     
   0.0000000000000000     
   0.0000000000000000     
   0.0000000000000000     
   0.0000000000000000     
   0.0000000000000000     
   0.0000000000000000     
   0.0000000000000000     
   0.0000000000000000     
   0.0000000000000000     
   0.0000000000000000     
   0.0000000000000000     
   0.0000000000000000     
   0.0000000000000000     
   0.0000000000000000     
   0.0000000000000000     
   0.0000000000000000     
   0.0000000000000000     
   0.0000000000000000     
   0.0000000000000000     
   0.0000000000000000     
   0.0000000000000000     
   0.0000000000000000     
   0.0000000000000000     
   0.0000000000000000     
   0.0000000000000000     
   0.0000000000000000     
   0.0000000000000000     
   0.0000000000000000     
   0.0000000000000000     
   0.0000000000000000     
   0.0000000000000000     
   0.0000000000000000     
   0.0000000000000000     
   0.0000000000000000     
   0.0000000000000000     
   0.0000000000000000     
   0.0000000000000000     
   0.0000000000000000     
   0.0000000000000000     
   0.0000000000000000     
   0.0000000000000000     
   0.0000000000000000     
   0.0000000000000000     
   0.0000000000000000     
   0.0000000000000000     
   0.0000000000000000     
   0.0000000000000000     
   0.0000000000000000     
   0.0000000000000000     
   0.0000000000000000     
   0.0000000000000000     
   0.0000000000000000     
   0.0000000000000000     
   0.0000000000000000     
   0.0000000000000000     
   0.0000000000000000     
   0.0000000000000000     
   0.0000000000000000     
   0.0000000000000000     
   0.0000000000000000     
   0.0000000000000000     
   0.0000000000000000     
   0.0000000000000000     
   0.0000000000000000     
   0.0000000000000000     
   0.0000000000000000     
   0.0000000000000000     
   0.0000000000000000     
   0.0000000000000000     
   0.0000000000000000     
   0.0000000000000000     
   0.0000000000000000     
   0.0000000000000000     
   0.0000000000000000     
   0.0000000000000000     
   0.0000000000000000     
   0.0000000000000000     
   0.0000000000000000     
   0.0000000000000000     
   0.0000000000000000     
   0.0000000000000000     
   0.0000000000000000     
   0.0000000000000000     
   0.0000000000000000     
   0.0000000000000000     
   0.0000000000000000     
   0.0000000000000000     
   0.0000000000000000     
   0.0000000000000000     
   0.0000000000000000     
   0.0000000000000000     
   0.0000000000000000     
   0.0000000000000000     
   0.0000000000000000     
   0.0000000000000000     
   0.0000000000000000     
   0.0000000000000000     
   0.0000000000000000     
   0.0000000000000000     
   0.0000000000000000     
   0.0000000000000000     
   0.0000000000000000     
   0.0000000000000000     
   0.0000000000000000     
   0.0000000000000000     
   0.0000000000000000     
   0.0000000000000000     
   0.0000000000000000     
   0.0000000000000000     
   0.0000000000000000     
   0.0000000000000000     
   0.0000000000000000     
   0.0000000000000000     
   0.0000000000000000     
   0.0000000000000000     
   0.0000000000000000     
   0.0000000000000000     
