   4.1757279465416741E-002
   3.4577494003044384E-002
   3.1815913394027111E-002
   3.0446811238759176E-002
   3.0235013527618440E-002
   2.9536815176509534E-002
   2.8298455789088593E-002
   2.8390029962792825E-002
   3.1539159867403722E-002
   3.7414136045551293E-002
   4.2444220697676185E-002
   4.6915107888867207E-002
   5.1252528476895674E-002
   5.5823954883282983E-002
   6.1041763786615764E-002
   6.6370155477452009E-002
   7.1533834645968297E-002
   7.6642416678617778E-002
   8.2139937534002117E-002
   8.9563323874787798E-002
   9.7984732921568479E-002
  0.10420907897028228     
  0.10795754531322986     
  0.11047786764684576     
  0.11282925667123890     
  0.11256789346490734     
  0.11040757276018778     
  0.10780212563198899     
  0.10484822387987923     
  0.10151198664167968     
   9.7740264212273414E-002
   9.3540226110606722E-002
   8.8859745562446191E-002
   8.3508138829533202E-002
   7.7321269802515913E-002
   7.0164042741734836E-002
   6.1659429196744671E-002
   5.0460241843318120E-002
   3.4881378422080035E-002
   2.5800406420018393E-002
   2.1109952003275565E-002
   1.8249061410497959E-002
   1.6675621670657979E-002
   1.5679206450072702E-002
   1.4994859822483820E-002
   1.4504957657362398E-002
   1.4350609810993221E-002
   1.4624697921600188E-002
   1.4991215659262612E-002
   1.5510676598811998E-002
   1.6073640339282689E-002
   1.6652836837095675E-002
   1.7089053838138447E-002
   1.7419821736813404E-002
   1.7650431602956939E-002
   1.7752818041871701E-002
   1.7808368490760344E-002
   1.7908526717683969E-002
   1.8006837976426986E-002
   1.8005589240002871E-002
   1.7886633836991409E-002
   1.7526757866828769E-002
   1.7190654859719576E-002
   1.6894721980947752E-002
   1.6633753172461074E-002
   1.6490207130581112E-002
   1.6319763205398623E-002
   1.6218643854254450E-002
   1.6271968130965771E-002
   1.6318271178871177E-002
   1.6200962724824682E-002
   1.6053304018306833E-002
   1.5942145562944161E-002
   1.5950452102583387E-002
   1.6090050268574491E-002
   1.6328523999307294E-002
   1.6568719805163029E-002
   1.6790922100194675E-002
   1.6897236409052649E-002
   1.6887282738464810E-002
   1.6941028542652042E-002
   1.7058143025533483E-002
   1.7210116769123027E-002
   1.7327016184887436E-002
   1.7294528466587408E-002
   1.7181343029612422E-002
   1.7163779390258024E-002
   1.7330148376475847E-002
   1.7628630844145947E-002
   1.7935985651582442E-002
   1.8066407416094030E-002
   1.7931184667761252E-002
   1.7723218097900881E-002
   1.7641017761592256E-002
   1.7919619203979630E-002
   1.8458422474728755E-002
   1.9050465990316418E-002
   1.9631407015141645E-002
   2.0081742285544674E-002
   2.0339503632894964E-002
   2.0638361203626953E-002
   2.1114257368586690E-002
   2.1714409509364919E-002
   2.2282844324107716E-002
   2.2991880138909335E-002
   2.3709977127392440E-002
   2.4413059914813653E-002
   2.5170068266665742E-002
   2.5882950539733472E-002
   2.6559004334431910E-002
   2.7250198674101205E-002
   2.8046435679570866E-002
   2.8904109605717154E-002
   2.9755769739675565E-002
   3.0574782825155102E-002
   3.1502358014786319E-002
   3.2658075663525528E-002
   3.4037057966269942E-002
   3.5528296875523641E-002
   3.7122573293629488E-002
   3.8850103482701279E-002
   4.0609130587362978E-002
   4.2214685815361856E-002
   4.3668813004986318E-002
   4.4848564243999280E-002
   4.5540069906823466E-002
   4.5583168003180422E-002
   4.4843597022227510E-002
   4.3311332573017843E-002
   4.1075496458879174E-002
   3.8253342056610608E-002
   3.5046157467361276E-002
   3.1752490705710790E-002
   2.8745577431912306E-002
   2.6900942863553334E-002
   2.3903780250150785E-002
   2.2519957118505501E-002
   2.1989898484720712E-002
   2.1909169800417332E-002
   2.2024491019403833E-002
   2.2216255401084670E-002
   2.2436035783155145E-002
   2.2676703965233785E-002
   2.2904541090407245E-002
   2.3032904467849464E-002
   2.2701457673264449E-002
   2.2805352866813199E-002
   2.2759837857902206E-002
   2.2539913881992193E-002
   2.2400855202589318E-002
   2.2401438679263929E-002
   2.2402964480113700E-002
   2.2321165707522971E-002
   2.2115977058122856E-002
   2.1851363021426908E-002
   2.1471953366636282E-002
   2.1053066090529510E-002
   2.0837734885895340E-002
   2.0704977998803279E-002
   2.0559545535564914E-002
   2.0371846993675780E-002
   2.0097898011054174E-002
   1.9789992026577104E-002
   1.9481539684406350E-002
   1.9303164533082767E-002
   1.9199645611442009E-002
   1.9140798547294044E-002
   1.9158022412961023E-002
   1.9136196783527976E-002
   1.8932499579535293E-002
   1.8604964511770485E-002
   1.8357499161414093E-002
   1.8187310622160200E-002
   1.8127443550833788E-002
   1.8175115428504366E-002
   1.8214526796454911E-002
   1.8436263820730634E-002
   1.8710001931855451E-002
   1.9021900409959398E-002
   1.9343669071333898E-002
   1.9887078697447422E-002
   2.0334314915528642E-002
   2.0598457040931516E-002
   2.1024093191773074E-002
   2.1380180320397874E-002
   2.1657861732679074E-002
   2.1885976005317304E-002
   2.0805553754310441E-002
   2.0869427282312638E-002
   2.0985766296934407E-002
   2.1072470792543804E-002
   2.1159179612615632E-002
   2.1289376463283903E-002
   2.1454377399286177E-002
   2.1634533215631781E-002
   2.1848973080662880E-002
   2.2043445798280808E-002
   2.2251840435579522E-002
   2.2448950918024121E-002
   2.2658539496445085E-002
   2.2891082666352539E-002
   2.2920132845451784E-002
   2.3063348876645292E-002
   2.3216204851581081E-002
   2.3406879838734119E-002
   2.3615470828288906E-002
   2.3817820689461984E-002
   2.3920502804313085E-002
   2.3934156339577017E-002
   2.3938314901274557E-002
   2.4012507978936060E-002
   2.4183276045350231E-002
   2.4388630200390362E-002
   2.4616596417423441E-002
   2.4885960169201218E-002
   2.5213831089516910E-002
   2.5570290886289058E-002
   2.5945667021813237E-002
   2.6309116410425375E-002
   2.6625002211444187E-002
   2.6915875019154455E-002
   2.7187365180447922E-002
   2.7443761998521266E-002
   2.7680529014105504E-002
   2.7923291563559188E-002
   2.8191833685397193E-002
   2.8454829624459600E-002
   2.8694317556310561E-002
   2.8902136939657645E-002
   2.9080403888633588E-002
   2.9244039275148535E-002
   2.9395489692230815E-002
   2.9540794981378408E-002
   2.9679086696998484E-002
   2.9840281630707722E-002
   3.0064558837227431E-002
   3.0349088552782535E-002
   3.0683170942211051E-002
   3.1064306321029800E-002
   3.1491567169275467E-002
   3.1965263126177541E-002
   3.2573411209823842E-002
   3.2822288182310796E-002
   3.3075862589914184E-002
   3.3350771713740686E-002
   3.3582599046339444E-002
   3.3763737022532415E-002
   3.3900013639664037E-002
   3.4027884596902806E-002
   3.4185038597978078E-002
   3.4405256133401028E-002
   3.4687421154708936E-002
   3.4974429338746532E-002
   3.5208101877954256E-002
   3.5339418386782076E-002
   3.5350964349169615E-002
   3.5241218043065646E-002
   3.5033333032011227E-002
   3.4791068231314677E-002
   3.4553983995057644E-002
   3.4333875832456090E-002
   3.4072165313322890E-002
   3.3644330294152154E-002
   3.3248321650894710E-002
   3.2880497845904480E-002
   3.2582959466549773E-002
   3.2416211213075495E-002
   3.2182983852556843E-002
   3.2183252199512666E-002
   3.2205480258284069E-002
   3.2247114130010933E-002
   3.2315510481957854E-002
   3.2404190884223256E-002
   3.2482381201324018E-002
   3.2524561772846856E-002
   3.2576368895851283E-002
   3.2682562429162294E-002
   3.2826654985612727E-002
   3.2989614934161277E-002
   3.3170443561445273E-002
   3.3368407297963240E-002
   3.3516640758877565E-002
   3.3723844806525696E-002
   3.3943218077250384E-002
   3.4217337769514543E-002
   3.4562028089255285E-002
   3.5029355244798520E-002
   3.5754376462850498E-002
   3.6180725270079109E-002
   3.6525296196006307E-002
   3.6751594890781614E-002
   3.6863285831769017E-002
   3.6922572746051228E-002
   3.6966511311685241E-002
   3.7029053921622306E-002
   3.7148745662998389E-002
   3.7530723223235612E-002
   3.8805700510895769E-002
   3.9872861507176928E-002
   3.7668971123775902E-002
   3.6238482668306912E-002
   3.5612967467140322E-002
   3.5239708280766210E-002
   3.5108167303759416E-002
   3.5080669093731823E-002
   3.5006230594436687E-002
   3.5116785329880586E-002
   3.5247108084180502E-002
   3.5366874630120143E-002
   3.5460097283413324E-002
   3.5541565954786310E-002
   3.5646634985853763E-002
   3.5834121440260477E-002
   3.6077448947288024E-002
   3.6349289184458414E-002
   3.6595737167274552E-002
   3.6852870914544332E-002
   3.7136239482426892E-002
   3.7423385023617452E-002
   3.7735682016168663E-002
   3.8109906261055496E-002
   3.8507777302503716E-002
   3.8898460806083349E-002
   3.9284930980081997E-002
   3.9676488473789531E-002
   4.0041578931011595E-002
   4.0369411342637010E-002
   4.0702082552203381E-002
   4.1056314228414541E-002
   4.1433611981996452E-002
   4.1823872460370747E-002
   4.2243433900335609E-002
   4.2654992733534645E-002
   4.3045348231285897E-002
   4.3406349017181878E-002
   4.3732147106176365E-002
   4.4012889412861259E-002
   4.4242387282781452E-002
   4.4418190026931127E-002
   4.4561918078969955E-002
   4.4704412734937790E-002
   4.4879214556461641E-002
   4.5056781385163544E-002
   4.5222633875016911E-002
   4.5372238896893916E-002
   4.5499074650947720E-002
   4.5587701184162305E-002
   4.5579951597787896E-002
   4.5461566311984405E-002
   4.5260921337851485E-002
   4.5051286926947411E-002
   4.4859832752999852E-002
   4.4665129715856407E-002
   4.4487049849026829E-002
   4.4330473604313081E-002
   4.4164622800770964E-002
   4.3946884391574167E-002
   4.3639574524764316E-002
   4.3243301903363250E-002
   4.2809289004140133E-002
   4.2364846910601453E-002
   4.1953038538670516E-002
   4.1612643651524582E-002
   4.1326199498064181E-002
   4.1072494114318930E-002
   4.0863305889029727E-002
   4.0694366173180466E-002
   4.0567574495797738E-002
   4.0650004563824636E-002
   4.0851696242414172E-002
   4.0447612682098427E-002
   4.0368324115882828E-002
   4.0401353920080763E-002
   4.0513427895467080E-002
   4.0683899557219093E-002
   4.0892936039587907E-002
   4.1115978286998388E-002
   4.1353538945652364E-002
   4.1604635016975790E-002
   4.1862661309404484E-002
   4.2121761377437207E-002
   4.2440936004305117E-002
   4.3110132915693773E-002
   4.3795634890987145E-002
   4.3667013460470826E-002
   4.3949493369681548E-002
   4.4869387894499166E-002
   4.7262442977136526E-002
   4.8375186103011898E-002
   4.6711495242592306E-002
   4.5059235525819613E-002
   4.4245086260248312E-002
   4.3796978692405092E-002
   4.3267293386479611E-002
   4.2632848557200495E-002
   4.2561170063834558E-002
   4.2374660538641321E-002
   4.2389824257735083E-002
   4.2438757084351332E-002
   4.2525676664121687E-002
   4.2639240715290537E-002
   4.2777762244750203E-002
   4.2940438702949828E-002
   4.3138264128477287E-002
   4.3343317392376235E-002
   4.3528036245479226E-002
   4.3692690162017996E-002
   4.3871523730854158E-002
   4.4084070960168982E-002
   4.4323049029257579E-002
   4.4575549037344189E-002
   4.4841570505813055E-002
   4.5164272771758239E-002
   4.5486049232850163E-002
   4.5587514301461615E-002
   4.5797410741072166E-002
   4.6018459203151452E-002
   4.6252940839534212E-002
   4.6511152779637195E-002
   4.6821772215919176E-002
   4.7168333224078686E-002
   4.7547325300822015E-002
   4.7962812545763990E-002
   4.8384290792314086E-002
   4.8782304505056287E-002
   4.9165414851261718E-002
   4.9532734714526371E-002
   4.9885423563715753E-002
   5.0228526215921318E-002
   5.0594628487658555E-002
   5.1016636763110752E-002
   5.1487419641286718E-002
   5.1963476668606373E-002
   5.2410006402695171E-002
   5.2840459892891968E-002
   5.3282937742438946E-002
   5.3734672751959554E-002
   5.4184498242943038E-002
   5.4632388154432887E-002
   5.5062243195091669E-002
   5.5446993055816948E-002
   5.5758108056382427E-002
   5.6000442016292597E-002
   5.6193952530767866E-002
   5.6383597128915261E-002
   5.6451613465546023E-002
   5.6627691466806837E-002
   5.6818877830169930E-002
   5.7009246442715017E-002
   5.7206233721423486E-002
   5.7404485779524041E-002
   5.7574090167210192E-002
   5.7712712470512087E-002
   5.7838638852422075E-002
   5.7964103758523428E-002
   5.8089199704255447E-002
   5.8199193394022172E-002
   5.8275768116442889E-002
   5.8327455120274457E-002
   5.8361764357593104E-002
   5.8382654730001975E-002
   5.8384921022620731E-002
   5.8367984061254319E-002
   5.8374047543880321E-002
   5.8570747962835540E-002
   5.9299995819568324E-002
   5.8974006672568628E-002
   5.9212193778035917E-002
   6.0909396597359798E-002
   6.2344681191676514E-002
   6.1480782264729653E-002
   5.9101440461398973E-002
   5.7161212970212254E-002
   5.5881427663246545E-002
   5.4835371646759543E-002
   5.3877260703191571E-002
   5.3004808956692379E-002
   5.2206985590513032E-002
   5.1493926454193401E-002
   5.0833408785253199E-002
   5.0195785366220075E-002
   4.9584185226263643E-002
   4.8985230026711436E-002
   4.8397706084001423E-002
   4.7875432618195241E-002
   4.7782262364810826E-002
   4.7715920913050693E-002
   4.6441197967590844E-002
   4.5701858765431973E-002
   4.5110127244038477E-002
   4.4613840962487022E-002
   4.4189136540131797E-002
   4.3836936763855222E-002
   4.3629920690458811E-002
   4.4090280000177666E-002
   4.4876036253609045E-002
   4.3463406004776800E-002
   4.2563488334628433E-002
   4.1540851709653499E-002
   4.1236496933839878E-002
   4.1078856514274037E-002
   4.0992512500166153E-002
   4.0875793736614076E-002
   4.0807332470909813E-002
   4.0725928367620970E-002
   4.0633559366238185E-002
   4.0584053010676996E-002
   4.0591421312864549E-002
   4.0657023333633614E-002
   4.0793154890422512E-002
   4.0981621621605444E-002
   4.1225930487588915E-002
   4.1506038371072342E-002
   4.1803253091911324E-002
   4.2065367048917092E-002
   4.2312536932904883E-002
   4.2586738924612705E-002
   4.2910232401375703E-002
   4.3272609015725653E-002
   4.3686436861676545E-002
   4.4161342754473649E-002
   4.4678758870381551E-002
   4.5188570208124092E-002
   4.5633082112399991E-002
   4.5961930086447965E-002
   4.6178885817288150E-002
   4.6346604418519871E-002
   4.6502032076336963E-002
   4.6262424499726229E-002
   4.6402719323174746E-002
   4.6655832604083444E-002
   4.6944192356918733E-002
   4.7237357274677663E-002
   4.7524220891375125E-002
   4.7818562343711797E-002
   4.8129787862565665E-002
   4.8454556871052851E-002
   4.8792072371605856E-002
   4.9144314589987935E-002
   4.9510500659278540E-002
   4.9877050563490261E-002
   5.0214083389732544E-002
   5.0514244730420856E-002
   5.0810931130008063E-002
   5.1121307574926188E-002
   5.1458662473152339E-002
   5.1827673726022483E-002
   5.2223434235247883E-002
   5.2655142215806978E-002
   5.3124363989651049E-002
   5.3616143859370906E-002
   5.4125838342721111E-002
   5.4651441509401773E-002
   5.5206435007210494E-002
   5.5972559324482647E-002
   5.6456843704092055E-002
   5.7252943337535563E-002
   5.9239451162673464E-002
   5.8842611026218419E-002
   5.7562149173464847E-002
   5.7039197434237666E-002
   5.6786860059082504E-002
   5.6630643319506187E-002
   5.6593142786915039E-002
   5.6600419374951992E-002
   5.6667190225556073E-002
   5.6792153303397284E-002
   5.6935188732367199E-002
   5.7091718215495163E-002
   5.7293299424826222E-002
   5.7535515251940443E-002
   5.7778240983613026E-002
   5.7993280299758865E-002
   5.8197270443737376E-002
   5.8408925085711265E-002
   5.8645807289718709E-002
   5.8912636694884911E-002
   5.9176239801659723E-002
   5.9427230437933506E-002
   5.9671188674431157E-002
   5.9898814968187011E-002
   6.0097384790477174E-002
   6.0271664392778881E-002
   6.0443241160807556E-002
   6.0632714144393585E-002
   6.0869764098931037E-002
   6.1373590060043400E-002
   6.3129862809495008E-002
   6.3406994830902466E-002
   6.1828898007616935E-002
   6.1157260999293354E-002
   6.0552687456343665E-002
   5.9964336471894926E-002
   5.9631631860801428E-002
   5.9325523408086493E-002
   5.9032714100670618E-002
   5.8737339099810576E-002
   5.8431225718307146E-002
   5.8120877282814648E-002
   5.7787250826447062E-002
   5.7447279129318664E-002
   5.7096066579785124E-002
   5.6730976093006612E-002
   5.6365177495803213E-002
   5.5978385477241870E-002
   5.5561630406418025E-002
   5.5123015528629700E-002
   5.4677071614470496E-002
   5.4221172786088852E-002
   5.3761185456055578E-002
   5.3313286594512559E-002
   5.2914976408988276E-002
   5.2581004592928020E-002
   5.1526887637271396E-002
   5.0512454595960023E-002
   5.0055204851317585E-002
   4.9629938930695013E-002
   4.9197439260038688E-002
   4.8752332232470795E-002
   4.8297198551831989E-002
   4.7842723814535151E-002
   4.7394679254625496E-002
   4.6955390464363159E-002
   4.6516096964774024E-002
   4.6085252114556351E-002
   4.5665880752895800E-002
   4.5260953179340833E-002
   4.4872555942126073E-002
   4.4495178586751456E-002
   4.4136695404733806E-002
   4.3802104589558605E-002
   4.3490590787592570E-002
   4.3204643354261350E-002
   4.2942097912492067E-002
   4.2701009416132217E-002
   4.2486227497452941E-002
   4.2300651299443597E-002
   4.2147306218632226E-002
   4.2022756077777827E-002
   4.1936939199549945E-002
   4.1904209355831133E-002
   4.1972530022744231E-002
   4.2387707878951388E-002
   4.2729765874394560E-002
   4.2355041035902936E-002
   4.2332775421416335E-002
   4.2434155720398603E-002
   4.2640677391060818E-002
   4.3070823991386308E-002
   4.3421710373267731E-002
   4.3323516838626626E-002
   4.3441889575795221E-002
   4.3643308601653656E-002
   4.3882913776307361E-002
   4.4169492797661067E-002
   4.4496819369311019E-002
   4.4844557126796317E-002
   4.5207182322525574E-002
   4.5569787080786649E-002
   4.5927604052479996E-002
   4.6287606234111697E-002
   4.6653277656715293E-002
   4.7019535923089703E-002
   4.7379663910304161E-002
   4.7749891698139459E-002
   4.8151542777713746E-002
   4.8561754634929705E-002
   4.8971097691087824E-002
   4.9376490427198064E-002
   4.9788374862680368E-002
   5.0198427740917963E-002
   5.0589859350931479E-002
   5.0973690105323786E-002
   5.1366145221009220E-002
   5.1779852141841651E-002
   5.2237741334214459E-002
   5.2754974467665576E-002
   5.3325883961073614E-002
   5.4069306427602749E-002
   5.4626535694865072E-002
   5.4704888444964038E-002
   5.4998967810801290E-002
   5.5318224607296768E-002
   5.5699853878996487E-002
   5.6137127322956865E-002
   5.6612470947337706E-002
   5.7090100505701416E-002
   5.7321123765384917E-002
   5.7718687797422598E-002
   5.8190003742526163E-002
   5.8642268485505494E-002
   5.9086747605535249E-002
   5.9520153991235829E-002
   5.9953114717027328E-002
   6.0390051832948016E-002
   6.0826395265013100E-002
   6.1253217971071319E-002
   6.1666283703819491E-002
   6.2069202005359966E-002
   6.2467816599024339E-002
   6.2852510415000951E-002
   6.3202906733959452E-002
   6.3510016390782811E-002
   6.3785710931984110E-002
   6.4035335250489267E-002
   6.3961799632762509E-002
   6.4130813129509662E-002
   6.4307199526438222E-002
   6.4472136813616812E-002
   6.4641580827544301E-002
   6.4824331360611234E-002
   6.5026962950995568E-002
   6.5249112175470095E-002
   6.5481291016004542E-002
   6.5723893859371690E-002
   6.5974890880251130E-002
   6.6226438252754968E-002
   6.6480334517122638E-002
   6.6735736119641301E-002
   6.6987751591804798E-002
   6.7242641252065763E-002
   6.7499626567483248E-002
   6.7755344566992073E-002
   6.8008100460927881E-002
   6.8255568677712680E-002
   6.8501136548899222E-002
   6.8747783938547455E-002
   6.8987981969145046E-002
   6.9211484173411261E-002
   6.9414823544819662E-002
   6.9585560385538772E-002
   6.9711250164460614E-002
   6.9812266957806776E-002
   6.9924294889214464E-002
   7.0080458277186883E-002
   7.0420654996158114E-002
   7.1291486458951600E-002
   7.1344478641487172E-002
   7.1803282788358194E-002
   7.3743801107373427E-002
   7.1720849236844894E-002
   6.9657665569373153E-002
   6.8483217280100789E-002
   6.7579992300380615E-002
   6.6818465689855042E-002
   6.6142171242576611E-002
   6.5510198405735034E-002
   6.4903228598371512E-002
   6.4302349909360276E-002
   6.3687696303451613E-002
   6.3069030088011166E-002
   6.2453537335688925E-002
   6.1841122918462173E-002
   6.1210469051467771E-002
   6.0552174477929890E-002
   5.9885765665021191E-002
   5.9242846597795620E-002
   5.8660124733714902E-002
   5.8267870645017580E-002
   5.8588651058700411E-002
   6.0554043891226608E-002
   6.0413075032515993E-002
   5.7587489008311704E-002
   5.5659667929631673E-002
   5.4398737298488591E-002
   5.3436995638354925E-002
   5.2710890259659075E-002
   5.2019010634045341E-002
   5.0355397465565520E-002
   4.8984028495704018E-002
   4.8412531350266283E-002
   4.7916869774473243E-002
   4.7491036832641859E-002
   4.7110775939206533E-002
   4.6785823430784398E-002
   4.6415564299970430E-002
   4.6055315582564468E-002
   4.5880808443622481E-002
   4.5813996748630903E-002
   4.5697888807338466E-002
   4.4762212352212831E-002
   4.4608158103541552E-002
   4.4833090654267500E-002
   4.5105089885829654E-002
   4.5434891471948124E-002
   4.5796781045479885E-002
   4.6181705319949147E-002
   4.6587101792258334E-002
   4.7022729013573961E-002
   4.7475993544349650E-002
   4.7946965447492225E-002
   4.8441718567994348E-002
   4.8966188470834400E-002
   4.9521805157274473E-002
   5.0083186387274763E-002
   5.0632692552237749E-002
   5.1213392032277566E-002
   5.1818063671926380E-002
   5.2437518458456754E-002
   5.3057417481075168E-002
   5.3671967126967104E-002
   5.4286828895707663E-002
   5.4884555086131402E-002
   5.5444296612207893E-002
   5.5934441282590418E-002
   5.6357908769717649E-002
   5.6746397306175311E-002
   5.7126854406419021E-002
   5.7512311940376828E-002
   5.7897751821511675E-002
   5.8292928401314233E-002
   5.8713114423275828E-002
   5.9164594893572980E-002
   5.9661541538613368E-002
   6.0204931766000253E-002
   6.0760639166641477E-002
   6.1270831794191641E-002
   6.1665081676508644E-002
   6.1892322222505264E-002
   6.1987554874365490E-002
   6.2023165003086383E-002
   6.2055716324302609E-002
   6.2124067985778644E-002
   6.2249554071869224E-002
   6.2446553838963623E-002
   6.2729205927489609E-002
   6.3079546669677772E-002
   6.3481989072368239E-002
   6.3917580075628824E-002
   6.4428967702479106E-002
   6.5069993823336336E-002
   6.5350792264491614E-002
   6.5763119235130826E-002
   6.6239417131450304E-002
   6.6737731039549678E-002
   6.7263913927531713E-002
   6.7831060754031072E-002
   6.8451682961485807E-002
   6.9271456449206098E-002
   7.0700034854532315E-002
   7.0752007712801074E-002
   7.0912577954099387E-002
   7.1275121920157308E-002
   7.1702422830460147E-002
   7.2155827147753981E-002
   7.2621918159859411E-002
   7.3131901586549170E-002
   7.3777114839023064E-002
   7.4930532873254088E-002
   7.7878813642532949E-002
   7.9992402486203623E-002
   7.8870274919196320E-002
   7.6450543586390557E-002
   7.5150859476892859E-002
   7.4452957884004606E-002
   7.4060370676383200E-002
   7.2955511937339304E-002
   7.1514951975020308E-002
   7.0871066538331917E-002
   7.0833828697755716E-002
   7.0816780945476429E-002
   7.0801064129239061E-002
   7.0785011359942279E-002
   7.0748877120855563E-002
   7.0684323415369857E-002
   7.0593286562708774E-002
   7.0469836689316667E-002
   7.0320705104236519E-002
   7.0156231950510725E-002
   7.0032149943506261E-002
   7.0068077101875320E-002
   6.9500945891941654E-002
   6.9082077473901091E-002
   6.8740247207291980E-002
   6.8371599772217295E-002
   6.7985982419857913E-002
   6.7583804475460155E-002
   6.7153648057331969E-002
   6.6711239606336376E-002
   6.6244275945385275E-002
   6.5797563046850471E-002
   6.5331475997564323E-002
   6.4726505440481447E-002
   6.4321841952429640E-002
   6.3887450186597111E-002
   6.3386994551273487E-002
   6.2851960660314121E-002
   6.2324610549893737E-002
   6.1625539817143762E-002
   6.0994365816162077E-002
   6.0393734446015222E-002
   5.9849119437055329E-002
   5.9336685407541959E-002
   5.8800231710651955E-002
   5.8227618610755164E-002
   5.7630649232731528E-002
   5.7035652039911011E-002
   5.6464903497518371E-002
   5.5937381248171616E-002
   5.5473255183557960E-002
   5.5056059043099626E-002
   5.4669697466029774E-002
   5.4309893385332743E-002
   5.3995147327152708E-002
   5.3739346968815591E-002
   5.3552459644698611E-002
   5.3423535414870202E-002
   5.3327671542065996E-002
   5.3257148842957090E-002
   5.3198015037485051E-002
   5.3126949976067622E-002
   5.3046882898559682E-002
   5.2988770501783584E-002
   5.2973648417250732E-002
   5.2987412849695631E-002
   5.3022521878641843E-002
   5.3085490019458746E-002
   5.3180428796093686E-002
   5.3317874385288906E-002
   5.3494332101420017E-002
   5.3709631223119406E-002
   5.3963462155925929E-002
   5.4241114396888619E-002
   5.4521458190635752E-002
   5.4793814092147688E-002
   5.5051742773647459E-002
   5.5293651202829516E-002
   5.5523527318268193E-002
   5.5779606758001775E-002
   5.6059070757846760E-002
   5.6272407655270106E-002
   5.6552405375652232E-002
   5.7153416494360808E-002
   5.7214280980207394E-002
   5.6950634371350707E-002
   5.6906409130686557E-002
   5.6934448322173085E-002
   5.6992654515790435E-002
   5.7077160350056687E-002
   5.7186866459223808E-002
   5.7329800897894176E-002
   5.7371098862889977E-002
   5.7452904018498008E-002
   5.7548594229983242E-002
   5.7657526321354832E-002
   5.7781662398439647E-002
   5.7925004101718261E-002
   5.8097699640758907E-002
   5.8269372301598246E-002
   5.8440565191818179E-002
   5.8705977910987993E-002
   5.9002677521289244E-002
   5.9325585654367290E-002
   5.9655091969433756E-002
   5.9998790754542120E-002
   6.0378486782821469E-002
   6.0793740768539266E-002
   6.1245107120094046E-002
   6.1739041612068522E-002
   6.2291843429822961E-002
   6.2926244023417538E-002
   6.3732795059171940E-002
   6.4991157484085585E-002
   6.5486761264713617E-002
   6.5599420538878891E-002
   6.6059527949861571E-002
   6.6616860687406368E-002
   6.7243214919732258E-002
   6.7881363609494219E-002
   6.8544856592527431E-002
   6.9196603161923012E-002
   6.9831814257002023E-002
   7.0464493904705383E-002
   7.1081094226630614E-002
   7.1688912249920467E-002
   7.2290061704850042E-002
   7.2883639711595408E-002
   7.3450404786910076E-002
   7.3992737879502571E-002
   7.4519322053262033E-002
   7.5020601885720573E-002
   7.5479716080768935E-002
   7.5888442778512422E-002
   7.6267082261085320E-002
   7.6634246754113761E-002
   7.6986684763228092E-002
   7.7333716288707791E-002
   7.7598995370197932E-002
   7.7840192033615752E-002
   7.8066269724021933E-002
   7.8213657197819517E-002
   7.8301501071945931E-002
   7.8353075779545325E-002
   7.8380771644430719E-002
   7.8392592463114835E-002
   7.8370523288303781E-002
   7.8285404625584573E-002
   7.8133171683546970E-002
   7.7935682777062809E-002
   7.7718151592796866E-002
   7.7495713700682298E-002
   7.7261147154014609E-002
   7.7011242129556540E-002
   7.6758411901883386E-002
   7.6501386313585704E-002
   7.6232699541630561E-002
   7.5970499169300043E-002
   7.5723778826906132E-002
   7.5483934015374038E-002
   7.5251664373283941E-002
   7.5029789065024929E-002
   7.4818591763688297E-002
   7.4614986593683180E-002
   7.4407382946114597E-002
   7.4195793650446415E-002
   7.3999272090455662E-002
   7.3822654562823914E-002
   7.3690998885461115E-002
   7.3770344907998261E-002
   7.4377908705183238E-002
   7.4361959618999510E-002
   7.5730769140625848E-002
   7.7483990684094284E-002
   7.5597710814448923E-002
   7.2483116361547736E-002
   7.0775748398545793E-002
   6.9681512288609929E-002
   6.8935503661943065E-002
   6.8586137753133936E-002
   6.9291984835366638E-002
   7.0041907061795083E-002
   6.8057163872584814E-002
   6.6862191534097892E-002
   6.6145381743682632E-002
   6.5640474922756681E-002
   6.5289316610686460E-002
   6.5010768766963059E-002
   6.4243889359808612E-002
   6.3915025716738780E-002
   6.3832440012488820E-002
   6.3767495464407298E-002
   6.3704568074940751E-002
   6.3640204199602396E-002
   6.3591436814448205E-002
   6.3571111540584993E-002
   6.3612273532007366E-002
   6.3841378228076395E-002
   6.4838818243441732E-002
   6.7042952698115860E-002
   6.6603855905513251E-002
   6.4467611870065250E-002
   6.3247337997297259E-002
   6.2472464836093415E-002
   6.1892434658029225E-002
   6.1420594247080476E-002
   6.1023870565221829E-002
   6.0708351651037142E-002
   6.0439088678875673E-002
   6.0230892744080521E-002
   6.0112039698869156E-002
   5.9784810471211917E-002
   5.9348654151848340E-002
   5.9288025386466124E-002
   5.9314194021320460E-002
   5.9128525778773061E-002
   5.8904494665545232E-002
   5.9022183158786469E-002
   5.9159293071666418E-002
   5.9302531333764327E-002
   5.9456963570848627E-002
   5.9636986084089495E-002
   5.9853751187043100E-002
   6.0106954815808356E-002
   6.0405845992393604E-002
   6.0744448298627719E-002
   6.1123875999793360E-002
   6.1579164722133123E-002
   6.2146805014588163E-002
   6.2848257243158387E-002
   6.3365389127531854E-002
   6.3684359046090822E-002
   6.4061775286689965E-002
   6.4226612204500294E-002
   6.4263312752847329E-002
   6.4302097995359686E-002
   6.4430964049185344E-002
   6.4673245173503272E-002
   6.5025651454214822E-002
   6.5465756441053291E-002
   6.5956567252049042E-002
   6.6479651666727993E-002
   6.7033100786209721E-002
   6.7617084065094576E-002
   6.8232806411075736E-002
   6.8872846553547057E-002
   6.9533297434468663E-002
   7.0218155299651641E-002
   7.0925853826483878E-002
   7.1660265103675402E-002
   7.2416469769471525E-002
   7.3191592428164323E-002
   7.3982384330890993E-002
   7.4772622130309413E-002
   7.5558314103824548E-002
   7.6340463273384077E-002
   7.7108089213924466E-002
   7.7868175515227372E-002
   7.8588284662123004E-002
   7.9297984327357698E-002
   8.0276378844141516E-002
   8.2434662443568368E-002
   8.6001270062907365E-002
   8.6736465669110877E-002
   8.4857935563887529E-002
   8.1889202527760746E-002
   8.0021075759258875E-002
   7.8699311877954189E-002
   7.7592433366687988E-002
   7.6618312314651688E-002
   7.5747197678750225E-002
   7.4934282634262064E-002
   7.4158543924081805E-002
   7.3425267510158404E-002
   7.2826588845481238E-002
   7.2117503656905932E-002
   7.1201779464901402E-002
   7.0406162436874295E-002
   6.9650543590840955E-002
   6.8937765953258734E-002
   6.8266178461618268E-002
   6.7407190624361277E-002
   6.6669732783626132E-002
   6.6040004631437499E-002
   6.5415873448675055E-002
   6.4802165853598673E-002
   6.4201620890883465E-002
   6.3631932178610878E-002
   6.3115415026458802E-002
   6.2656077627618587E-002
   6.2259261076919377E-002
   6.2010074353110164E-002
   6.1610029977484035E-002
   6.1225912890470538E-002
   6.0911190139891935E-002
   6.0650376654742752E-002
   6.0442235839581020E-002
   6.0294904063864077E-002
   6.0243510774429403E-002
   6.0296714900780597E-002
   5.9595973075862209E-002
   5.8703943725773353E-002
   5.8074675128302215E-002
   5.7960624767625299E-002
   5.8441077591077750E-002
   5.9041955863387542E-002
   5.9505901873601261E-002
   5.9342024905209456E-002
   5.9510259389917879E-002
   6.0125259760415009E-002
   6.0769716676175617E-002
   6.1414718280750229E-002
   6.2056477709520566E-002
   6.2708521550496651E-002
   6.3406646721827636E-002
   6.4099020499441606E-002
   6.4124572646077904E-002
   6.4196513805285196E-002
   6.4735972153777632E-002
   6.5298821975846591E-002
   6.5760816026695146E-002
   6.6143274051049430E-002
   6.6478018789138990E-002
   6.6779719243014304E-002
   6.7069190255359137E-002
   6.7359966149300288E-002
   6.7645982856374090E-002
   6.7913130187704077E-002
   6.8164021436122615E-002
   6.8406716735548323E-002
   6.8642106421706359E-002
   6.8856780664551170E-002
   6.9036398865333859E-002
   6.9148968841562103E-002
   6.9184592551004676E-002
   6.9175401363871208E-002
   6.9140156975619843E-002
   6.9098501598977208E-002
   6.9074418175715552E-002
   6.9076120989932210E-002
   6.9109970830853865E-002
   6.9158772762956872E-002
   6.9217707371868303E-002
   6.9287641029514138E-002
   6.9335913792583526E-002
   6.9350907556183519E-002
   6.9362729841643239E-002
   6.9389382318216133E-002
   6.9442590977913249E-002
   6.9545347619287337E-002
   6.9783009424520606E-002
   7.0493146648077792E-002
   7.1948527348057789E-002
   7.1133139599419803E-002
   7.0042263428765045E-002
   6.9575404192335197E-002
   6.9336653066044543E-002
   6.9220873870762895E-002
   6.9182425654750648E-002
   6.9184625223007140E-002
   6.9209501578578872E-002
   6.9266547565392259E-002
   6.9384686596510273E-002
   6.9703975550308175E-002
   7.0523318629321402E-002
   7.0409553417488530E-002
   7.0328579557468920E-002
   7.0447197808633483E-002
   7.0629021195097452E-002
   7.0843123923696821E-002
   7.1073716552074284E-002
   7.1310669096423931E-002
   7.1545814686882370E-002
   7.1769309821460445E-002
   7.1975740904146268E-002
   7.2219981877354705E-002
   7.2466653507707604E-002
   7.2712358091071405E-002
   7.2955843650533925E-002
   7.3200181387266139E-002
   7.3444328063022882E-002
   7.3689656690853880E-002
   7.3940755494241811E-002
   7.4196336107237859E-002
   7.4458533941556312E-002
   7.4736300935867667E-002
   7.5052409013480717E-002
   7.5517939149448904E-002
   7.5920088405982369E-002
   7.6153115161941509E-002
   7.6543070410432276E-002
   7.7008417136993648E-002
   7.6608196536313733E-002
   7.6028089939162852E-002
   7.6301676088491449E-002
   7.6806840215313407E-002
   7.7313135277845710E-002
   7.7808314745979226E-002
   7.8290266709274303E-002
   7.8752843028250766E-002
   7.9191026947637647E-002
   7.9606841814690438E-002
   8.0001564939562245E-002
   8.0380897979689031E-002
   8.0752770284403697E-002
   8.1120244890168280E-002
   8.1477301688945833E-002
   8.1809972601872422E-002
   8.2101579476204833E-002
   8.2142666296590228E-002
   8.2101353044761974E-002
   8.2157719615771979E-002
   8.2213836281862573E-002
   8.2288964855062333E-002
   8.2378471292900518E-002
   8.2460383995626219E-002
   8.2508000193674852E-002
   8.2523805136552317E-002
   8.2523934419371295E-002
   8.2523320496565244E-002
   8.2546499782925734E-002
   8.2610362590366956E-002
   8.2709240032935977E-002
   8.2824898619492993E-002
   8.2948779597471267E-002
   8.3090620562471948E-002
   8.3257977805223468E-002
   8.3448540916234284E-002
   8.3664673297281597E-002
   8.3904735474503472E-002
   8.4162026052044148E-002
   8.4435512388669670E-002
   8.4726405600863960E-002
   8.5033105605173021E-002
   8.5360307983888259E-002
   8.5718952173149593E-002
   8.6125435988598675E-002
   8.6579217730138838E-002
   8.7067898494163798E-002
   8.7583727430357236E-002
   8.8118902437752278E-002
   8.8666031297070944E-002
   8.9231908660776849E-002
   8.9829897492343894E-002
   9.0470702773785674E-002
   9.1256097501340866E-002
   9.2072595487185827E-002
   9.2563594623550099E-002
   9.3651961932331759E-002
   9.5339560127637224E-002
   9.5320234008428414E-002
   9.4463129446364175E-002
   9.4128986676762200E-002
   9.3976828874839533E-002
   9.3890514117093274E-002
   9.3842126370615744E-002
   9.3817729527307825E-002
   9.3822430593992229E-002
   9.3834029138971292E-002
   9.3834036428093542E-002
   9.3824310365375557E-002
   9.3814189184556140E-002
   9.3812204722918138E-002
   9.3794190941603822E-002
   9.3738260435494547E-002
   9.3645660130148092E-002
   9.3545100598017433E-002
   9.3439610766324357E-002
   9.3341198301588185E-002
   9.3254973870900357E-002
   9.3185641873616401E-002
   9.3113668950180459E-002
   9.3015059715558179E-002
   9.2892913377640787E-002
   9.2751545424365006E-002
   9.2633872673810083E-002
   9.2563340862579502E-002
   9.2529572579563707E-002
   9.2539538124048137E-002
   9.2613857138911154E-002
   9.2837767290253156E-002
   9.3271940752177665E-002
   9.3232671603948908E-002
   9.2622860725983525E-002
   9.2447337442906327E-002
   9.2409824851096098E-002
   9.2458310908750535E-002
   9.2552320887690331E-002
   9.2674499308808458E-002
   9.2791788692256016E-002
   9.2920171633835466E-002
   9.3059109730131026E-002
   9.3206920904165019E-002
   9.3375590609201350E-002
   9.3565913098875048E-002
   9.3770518249991330E-002
   9.3995515075100899E-002
   9.4230591769622882E-002
   9.4460405883281362E-002
   9.4684118538875539E-002
   9.4910947257546840E-002
   9.5139361725828903E-002
   9.5369709056839599E-002
   9.5612544331298358E-002
   9.5872008742924772E-002
   9.6149443418670322E-002
   9.6461158695602303E-002
   9.6674042652988193E-002
   9.6956239356594337E-002
   9.7248676976511003E-002
   9.7499125039881979E-002
   9.7709825445805004E-002
   9.7920058081139405E-002
   9.8167670356341608E-002
   9.8451992555877624E-002
   9.8762605088784858E-002
   9.9088841980607911E-002
   9.9429127908545162E-002
   9.9790026908707752E-002
  0.10017649809306683     
  0.10059355880036844     
  0.10101347546263859     
  0.10143070017889523     
  0.10187405694463217     
  0.10234673920488269     
  0.10284112555695454     
  0.10335360765239590     
  0.10385734378655478     
  0.10433203154967370     
  0.10478624873393244     
  0.10524160451642130     
  0.10569068185418633     
  0.10613713732956058     
  0.10660521740940652     
  0.10710879656060801     
  0.10766000908228314     
  0.10831402940486222     
  0.10927824590083748     
  0.11016079116319816     
  0.11022234617916120     
  0.11081627666407319     
  0.11231695036095446     
  0.11217824791393922     
  0.11139939055189824     
  0.11118083698554931     
  0.11115680752193466     
  0.11123063921325427     
  0.11135529667449251     
  0.11150789723354870     
  0.11168682294503221     
  0.11189635552933569     
  0.11214141735835596     
  0.11242340247877509     
  0.11274378704265674     
  0.11314688904056285     
  0.11382227558686105     
  0.11522583123487481     
  0.11585986320146016     
  0.11522822578389416     
  0.11501421116687122     
  0.11505333316159184     
  0.11520986808756835     
  0.11543270933709242     
  0.11529734280613797     
  0.11500361930283404     
  0.11525241592521090     
  0.11593217278580480     
  0.11721453784257703     
  0.11745858844293347     
  0.11680090435531384     
  0.11656966242458272     
  0.11654945124833097     
  0.11660312951195709     
  0.11669674629886601     
  0.11681528906925746     
  0.11693577987797521     
  0.11706569010434216     
  0.11721708826284490     
  0.11711817936549167     
  0.11715611781152155     
  0.11723272361483660     
  0.11728229400047356     
  0.11731929310274772     
  0.11734331292435862     
  0.11735639967491023     
  0.11734099886528558     
  0.11730506863241467     
  0.11724651177516544     
  0.11715716639825531     
  0.11703036312846414     
  0.11688676974140864     
  0.11672826738064840     
  0.11654490145293704     
  0.11632068009572522     
  0.11606753102375547     
  0.11578919421030263     
  0.11549373998060800     
  0.11516898597486590     
  0.11480536916195280     
  0.11442339636097855     
  0.11405365626732505     
  0.11369390304681719     
  0.11334090510233197     
  0.11300050050674371     
  0.11268355087834238     
  0.11239718327864388     
  0.11215999720168313     
  0.11196140796823979     
  0.11177949439247153     
  0.11159639521046262     
  0.11137755765783575     
  0.11111639347903293     
  0.11081875540495745     
  0.11050386983177735     
  0.11018203562437889     
  0.10986144966071371     
  0.10955875182816915     
  0.10929580432497663     
  0.10908626469094980     
  0.10892876213577413     
  0.10881983668231926     
  0.10876062658175797     
  0.10878274371062124     
  0.10911273091797853     
  0.11010413802970173     
  0.11038945751072708     
  0.11075146552378121     
  0.11052264230853458     
  0.10915610915323382     
  0.10841118286269553     
  0.10799227298914159     
  0.10772610239135005     
  0.10758139470495581     
  0.10752110590486534     
  0.10752871261098282     
  0.10758136450330694     
  0.10768373361973740     
  0.10789926234732129     
  0.10849195148526504     
  0.10995431880028277     
  0.11042188246316111     
  0.10964570781077913     
  0.10927776563646513     
  0.10918610897753850     
  0.10920300818460378     
  0.10930547200997547     
  0.10950147586381975     
  0.10974578221185720     
  0.10994400827387865     
  0.11034341928123108     
  0.11079207365799486     
  0.11124509602429189     
  0.11168558021202452     
  0.11212481354427059     
  0.11258385503279239     
  0.11307721921222975     
  0.11361747632433079     
  0.11433120167765767     
  0.11556611267673411     
  0.11553200441537925     
  0.11548393198658560     
  0.11562368512715319     
  0.11580240564573717     
  0.11598801301105255     
  0.11615339471683277     
  0.11627795760999884     
  0.11637209754919799     
  0.11642583735309155     
  0.11648512275306984     
  0.11647581370547251     
  0.11608184064525987     
  0.11574571582775470     
  0.11561246425253038     
  0.11549594940108375     
  0.11565104730774375     
  0.11589961045762641     
  0.11621443420839669     
  0.11659996505762185     
  0.11708099485486159     
  0.11764270698938638     
  0.11823352362383115     
  0.11880677925758364     
  0.11934741080059082     
  0.11985611080510243     
  0.12034605745041559     
  0.12084153353150320     
  0.12135556251502985     
  0.12192098470333142     
  0.12254506254686336     
  0.12321038149053344     
  0.12390075608262348     
  0.12461503514280588     
  0.12535110683447828     
  0.12610349669599871     
  0.12685600743974088     
  0.12759568344909969     
  0.12832610053240831     
  0.12905581243897529     
  0.12978445774035896     
  0.13050221898868403     
  0.13120591756434294     
  0.13189676073399761     
  0.13256891505572535     
  0.13321297560016704     
  0.13383279958359365     
  0.13442919566546785     
  0.13499473821040739     
  0.13553615455406270     
  0.13606433705154533     
  0.13657558415587914     
  0.13705525806361510     
  0.13748224296532405     
  0.13784097286191468     
  0.13813484499374906     
  0.13836893735132394     
  0.13856397194049891     
  0.13876911172720663     
  0.13917286097559559     
  0.14075202760120223     
  0.14355788934103883     
  0.14422892058216186     
  0.14208898711241777     
  0.13785143947976566     
  0.13311560541422440     
  0.12985035084156402     
  0.12738063878713371     
  0.12530716084352039     
  0.12347014662420824     
  0.12180055754078380     
  0.12026441694617138     
  0.11882588544850499     
  0.11751919456464892     
  0.11635237149377232     
  0.11533664566157570     
  0.11461205866016463     
  0.11500937792268578     
  0.11438931880782328     
  0.11179662959114005     
  0.11009917108612233     
  0.10882266014063799     
  0.10777427881540223     
  0.10686252788328621     
  0.10607766420531450     
  0.10540686696646125     
  0.10486850649003607     
  0.10429196752464952     
  0.10318489275001569     
  0.10244625057910291     
  0.10218623900244121     
  0.10195822767582594     
  0.10174581218466636     
  0.10156132902130939     
  0.10140414936577782     
  0.10127519039019843     
  0.10119725486291054     
  0.10126144995187297     
  0.10183080786064687     
  0.10199716359362607     
  0.10067521983988346     
   9.9657085478210117E-002
   9.9409852611378413E-002
   9.9464673162925205E-002
   9.9551697433324926E-002
   9.9648234934646640E-002
   9.9767043941014003E-002
   9.9902933014408696E-002
  0.10004699660700969     
  0.10022095795636887     
  0.10042509090996515     
  0.10066111389974301     
  0.10093406283159613     
  0.10122907472489456     
  0.10154112567544743     
  0.10187992644945908     
  0.10224296445647750     
  0.10263475051111724     
  0.10304396199133391     
  0.10334968962523269     
  0.10384058170416254     
  0.10435508742947860     
  0.10489479067250843     
  0.10546937074916363     
  0.10607306750286856     
  0.10667552771412667     
  0.10722795965367499     
  0.10766775091961404     
  0.10791745406505024     
  0.10792203985080692     
  0.10769085209607249     
  0.10730024146484074     
  0.10687612200314998     
  0.10652759644883394     
  0.10631652996188835     
  0.10625166830117011     
  0.10631550530828987     
  0.10648603253420974     
  0.10673404598118920     
  0.10705472730994639     
  0.10745193980139997     
  0.10791947577781645     
  0.10845656801600741     
  0.10903919794955043     
  0.10961759567093589     
  0.11014647458068483     
  0.11060739107959969     
  0.11102924598670109     
  0.11146738378995581     
  0.11196847920697048     
  0.11256312781233367     
  0.11326058740053395     
  0.11406181419891069     
  0.11498463104145830     
  0.11607853001221577     
  0.11755821167329726     
  0.11943379611461080     
  0.12028949626095944     
  0.12102585320088632     
  0.12233799470175223     
  0.12501367574744218     
  0.12819388513032179     
  0.12915957135731782     
  0.12868520281260815     
  0.12700944357823946     
  0.12459746321794690     
  0.12305824012904251     
  0.12204559672136082     
  0.12125412116862905     
  0.12060042723168775     
  0.12004087931645543     
  0.11955056548348574     
  0.11911784758132631     
  0.11873974365303840     
  0.11849273339947577     
  0.11878920433495173     
  0.11923932727368998     
  0.11797175524058982     
  0.11666225973202496     
  0.11567694060541407     
  0.11479300280209241     
  0.11393628290214348     
  0.11312558040623759     
  0.11237620223862230     
  0.11162397478368220     
  0.11159852080045272     
  0.11159824976190212     
  0.11006754676421031     
  0.10804476676500520     
  0.10649060108714159     
  0.10514681367030454     
  0.10393030164341378     
  0.10283270668540005     
  0.10132537935578964     
   9.9682903897054628E-002
   9.8210853449900840E-002
   9.7043224779407758E-002
   9.6297818713122679E-002
   9.5662941023832049E-002
   9.4885326366453721E-002
   9.3649962387280544E-002
   9.2550374080222791E-002
   9.1673949229005125E-002
   9.1096463776828798E-002
   9.1027197327143289E-002
   9.1096733201273414E-002
   9.1194340776129604E-002
   9.1301123135954232E-002
   9.1427059620446074E-002
   9.1574268985868887E-002
   9.1737173307437400E-002
   9.1908129035152761E-002
   9.2096095271592612E-002
   9.2310697356614166E-002
   9.2552712224802339E-002
   9.2830478710266340E-002
   9.3124378001046351E-002
   9.3431704754747824E-002
   9.3779269887124025E-002
   9.4107010167679139E-002
   9.4360377498732370E-002
   9.4484965452585348E-002
   9.4471267424951530E-002
   9.4373140838188180E-002
   9.4254580186176606E-002
   9.4152850648339836E-002
   9.4074657489753993E-002
   9.4010659479654632E-002
   9.3964846101678587E-002
   9.3937617348803723E-002
   9.3922933046874726E-002
   9.3920779768677520E-002
   9.3931688658799126E-002
   9.3953399408482449E-002
   9.3990889747568321E-002
   9.4045118675170944E-002
   9.4110478794562566E-002
   9.4171272000908454E-002
   9.4204906028195826E-002
   9.4221613014976502E-002
   9.4308118103754376E-002
   9.4767669002941674E-002
   9.5279489409749160E-002
   9.4733149700744507E-002
   9.4492497391578223E-002
   9.4681373609691546E-002
   9.5650145692870669E-002
   9.8049463644319212E-002
   9.9494657497219238E-002
   9.8999655879323731E-002
   9.7067601566880157E-002
   9.4777117433718305E-002
   9.3335214420516524E-002
   9.2301539291123183E-002
   9.1468244557943001E-002
   9.0753951827284948E-002
   9.0117385453905186E-002
   8.9550020289783219E-002
   8.9081391357026363E-002
   8.8898714391954667E-002
   8.8978097696684938E-002
   8.8072241157175837E-002
   8.7405707723272844E-002
   8.6945892111709389E-002
   8.6564508555526290E-002
   8.6212208124183454E-002
   8.5882480542539580E-002
   8.5545186800711992E-002
   8.5301445265239542E-002
   8.5137553261021473E-002
   8.5001890452805998E-002
   8.4860550489857897E-002
   8.4719046246993210E-002
   8.4569808094185350E-002
   8.4418344011619101E-002
   8.4325830137740060E-002
   8.4310035830366725E-002
   8.4366259401634683E-002
   8.4468259644098806E-002
   8.4633293915630251E-002
   8.4858258809511783E-002
   8.5096871500836169E-002
   8.5347405564245818E-002
   8.5650632752503036E-002
   8.6004301767054800E-002
   8.6396684841377983E-002
   8.6840312249135340E-002
   8.7350540963694295E-002
   8.7883748621236935E-002
   8.8412022662900089E-002
   8.8983845493957853E-002
   8.9617768751089955E-002
   8.9777870329507126E-002
