   1.5826070794413755E-002
   4.8495262193971496E-003
   7.2188075900758578E-003
   6.2848201628018293E-003
   7.3425874475330456E-003
   9.3694651030779182E-003
   1.2698373583174868E-002
   1.0747032749508202E-002
   1.0295121750116465E-002
   8.1644208823065841E-003
   6.8459041901539818E-003
   1.1363060390781379E-002
   1.0528771216350876E-002
   6.8125159544264310E-003
   6.9223713466374072E-003
   1.0812086980565657E-002
   7.6398729473575386E-003
   1.0238127368417459E-002
   7.9306993115565924E-003
   1.4271175663566796E-002
   7.6230106912069480E-003
   5.5097434445943476E-003
   9.3508482010281630E-003
   9.7365438240874999E-003
   4.4678130919611533E-003
   5.5344307289981638E-003
   7.9553698660227920E-003
   7.5768850397595882E-003
   9.2851784289459654E-003
   5.6518910907020449E-003
   6.5300998462403323E-003
   6.1998060942687772E-003
   4.6024431210122396E-003
   5.7080896894820413E-003
   6.5040621782219187E-003
   7.0076911963449957E-003
   7.6630337225790119E-003
   8.8713724644579311E-003
   6.5180049608740652E-003
   7.2423885316776158E-003
   4.1098592116149378E-003
   4.8523835865764142E-003
   6.0036378044698111E-003
   6.0252094476869996E-003
   4.9937361319214628E-003
   5.7753922879878392E-003
   4.6828504197477666E-003
   4.5774443646315411E-003
   5.1498810302791978E-003
   5.0059402041343895E-003
   4.0911164705189169E-003
   4.3795017466688093E-003
   5.1529206797045306E-003
   5.4764884628883239E-003
   5.2661867887297351E-003
   5.5777430453620496E-003
   5.2155381828193261E-003
   5.3510218275097570E-003
   5.7310946563996013E-003
   6.7529254886854601E-003
   6.6166580519968089E-003
   5.6259783581557761E-003
   6.7408290243039680E-003
   7.6775029546986180E-003
   4.2684864306594917E-003
   4.9969383885116016E-003
   6.2320505218265874E-003
   6.8727426094386812E-003
   1.0179342705166600E-002
   8.7630486578268510E-003
   6.4524676875036347E-003
   1.0207471057078459E-002
   7.3300379060632246E-003
   7.0495849629579679E-003
   4.2201739505155550E-003
   3.7699238625589267E-003
   3.8121734555174344E-003
   3.3961495377221556E-003
   3.3553481571283340E-003
   2.9424229891711349E-003
   2.7354446755325349E-003
   2.8241184313096621E-003
   2.9737191465549623E-003
   2.7810227113930523E-003
   2.3141905073822814E-003
   2.5239954564393930E-003
   2.8330945850196009E-003
   2.7818806511312102E-003
   2.4846594889899542E-003
   2.7134416451167183E-003
   2.7744705687333866E-003
   3.0474710507259386E-003
   2.9628209989948644E-003
   2.6864024042198629E-003
   2.2872227023549995E-003
   2.3185588636273073E-003
   2.3098043490575484E-003
   2.6320702922018480E-003
   3.0599120779412721E-003
   2.6154167299493737E-003
   2.8453529831177285E-003
   2.9850228441531362E-003
   2.8397409520638135E-003
   3.0469801722483544E-003
   3.3118286523877837E-003
   3.2478503888839125E-003
   3.4509412652302118E-003
   2.9607414722320402E-003
   3.4988260033141055E-003
   3.2307962654132918E-003
   2.9002978706095359E-003
   2.7083510049578895E-003
   2.9788393599301404E-003
   3.0024502409954751E-003
   3.6333493393619835E-003
   4.0412384386464594E-003
   4.7298592023372289E-003
   5.2531472138717290E-003
   3.3685233572491803E-003
   3.6937417812087352E-003
   3.5954264857004717E-003
   2.4287713883928601E-003
   2.5685519270077580E-003
   2.5370103434929946E-003
   2.4854237247541287E-003
   2.4925000915427698E-003
   2.4214219419810656E-003
   2.8667408424409399E-003
   2.3758269987327087E-003
   2.0445828866683794E-003
   1.9598371945118249E-003
   2.0569607785373900E-003
   2.0931815596501478E-003
   2.3131787507990570E-003
   2.5429575739184087E-003
   2.6357725384421873E-003
   2.9196600010001198E-003
   2.5370702180847449E-003
   2.4068899580766802E-003
   2.4906516764365999E-003
   2.7330813079052200E-003
   2.8448600339652870E-003
   2.9022505351440180E-003
   2.8068937377455022E-003
   2.6343909365358978E-003
   2.8038066867783281E-003
   2.7043557208717007E-003
   2.4353492824745323E-003
   2.6891795403906080E-003
   3.0062218529174232E-003
   3.1813434942927717E-003
   2.4932793661426784E-003
   2.6058120577835951E-003
   2.9421724687967621E-003
   3.0097284418815285E-003
   3.3079049734206821E-003
   2.9738898608739376E-003
   2.7800876093419650E-003
   3.2525748727200918E-003
   3.6238846476638596E-003
   3.0892940529687251E-003
   3.1233470727280465E-003
   3.0849537571069024E-003
   3.0905071406376991E-003
   2.8755486413525651E-003
   2.3297825729233757E-003
   2.4803571172758348E-003
   2.4468016554496062E-003
   2.3715470270519699E-003
   2.1491706918705580E-003
   2.1943847641234071E-003
   2.0916257398723532E-003
   2.2467595751890219E-003
   2.2382223782707882E-003
   2.2884379864676731E-003
   2.2719768009864848E-003
   2.4249845121176732E-003
   2.2544812525589486E-003
   2.0027543017480565E-003
   1.8630844262505339E-003
   1.8238423139861060E-003
   1.9733755938119817E-003
   1.8552786621551778E-003
   1.8500184909158361E-003
   1.9590100161587316E-003
   2.0051877776924138E-003
   1.9295562970446192E-003
   1.8091675242874227E-003
   1.8087473195699400E-003
   1.8484525326694049E-003
   1.9180307490953359E-003
   1.8932670310444826E-003
   1.8665731345642500E-003
   1.9275226219203764E-003
   2.0947791948404725E-003
   2.1567113101801940E-003
   2.2868543361227863E-003
   2.2451003720526802E-003
   1.9966304286959365E-003
   2.0254088016959776E-003
   2.1596546110575206E-003
   2.1811829172872586E-003
   2.1570441417163512E-003
   2.1690201589763414E-003
   2.4037900152481433E-003
   2.1920878338372442E-003
   2.1258663272896001E-003
   2.2000119603607631E-003
   2.3850930750749237E-003
   2.4508740874384849E-003
   2.3416676545521087E-003
   2.3477871322121770E-003
   2.2922069402578605E-003
   2.1814709351278051E-003
   2.1340600918869353E-003
   2.1374069416567566E-003
   2.1472097531579225E-003
   2.1295087198032630E-003
   2.0827795567278356E-003
   2.1583161658783058E-003
   2.4855827100296302E-003
   2.6225462809813609E-003
   2.3083615244907599E-003
   1.8188308032474458E-003
   1.8651213830065531E-003
   1.8097878957219595E-003
   1.8928867727895850E-003
   1.8169582884779217E-003
   1.8939167705660385E-003
   1.8939763271995072E-003
   2.0049745749530414E-003
   1.9594590436334282E-003
   2.0395549907127183E-003
   2.0456684931917024E-003
   1.9678707767356047E-003
   1.9499861398668849E-003
   1.8836007574057100E-003
   1.9273411481893900E-003
   1.9380646815177209E-003
   2.1277081010181997E-003
   2.1847402884777522E-003
   2.1842135387341319E-003
   2.2007601519075551E-003
   2.1569082841256799E-003
   1.9569545034541446E-003
   2.3117237871556830E-003
   2.2173844592952270E-003
   2.2650287845199990E-003
   2.1099393805804234E-003
   1.9668606906745427E-003
   1.9390835715527729E-003
   1.9256826927434203E-003
   1.9319611533143741E-003
   1.9463128998167202E-003
   2.0565547153300039E-003
   1.9528984498560788E-003
   1.9415669212357685E-003
   1.8424753609808417E-003
   2.0139219938226376E-003
   2.0114114467710289E-003
   2.0098059847193052E-003
   2.1827222052180602E-003
   2.2230627627423784E-003
   1.8414076796253918E-003
   1.8333337233434762E-003
   2.0358911025146142E-003
   2.1983483350865754E-003
   2.3586278261276054E-003
   2.4266596628905583E-003
   2.1773330408018736E-003
   2.0844559679259831E-003
   2.1989085581846706E-003
   2.0286781975203875E-003
   2.0645748084081226E-003
   2.0700930789344066E-003
   1.8746343917778179E-003
   2.0067708234513975E-003
   1.7760665147370028E-003
   1.7826084366216689E-003
   1.8459857570342227E-003
   2.0400947127082337E-003
   2.0815468571206337E-003
   1.9878869993553024E-003
   2.0386800620175714E-003
   2.0580880661442182E-003
   1.9176801405393026E-003
   1.9194866223598190E-003
   1.8985272341149881E-003
   1.8520404482494160E-003
   1.8447149635623808E-003
   1.7391393273351655E-003
   1.7303550619027334E-003
   1.7376961252971524E-003
   1.9101414782864204E-003
   1.8251647708180550E-003
   1.7731642676540415E-003
   1.8185255060122513E-003
   1.8913294071541064E-003
   1.9628844060081549E-003
   1.8510944960593188E-003
   1.8668093991639088E-003
   1.9753516917558906E-003
   1.9465818580346255E-003
   2.0572105507619511E-003
   2.1097736148337999E-003
   2.2751824518955086E-003
   2.2989587962680886E-003
   2.1933572080312168E-003
   2.3886823896213908E-003
   2.3138969580141617E-003
   2.5216019382191166E-003
   2.5710766372934683E-003
   2.5264695025521539E-003
   2.4184100761737216E-003
   2.5661959335433263E-003
   2.7471630604731664E-003
   2.1450813199046341E-003
   2.2238398311203449E-003
   2.2105358682138277E-003
   2.3783163794802386E-003
   2.3857372507268310E-003
   2.1232975482123576E-003
   2.0599351742986221E-003
   1.8405308972311736E-003
   1.8462328841982237E-003
   1.8049919025650315E-003
   1.7633805237625485E-003
   1.7914579986235031E-003
   1.7796458255028354E-003
   2.0210151820870092E-003
   1.9961230458467117E-003
   2.1025099215387089E-003
   1.9640622244484346E-003
   2.0174009241388990E-003
   1.9975205691100412E-003
   2.0224009904314345E-003
   1.9278416573225575E-003
   1.9791783976543377E-003
   2.1068095389569124E-003
   1.9540071957349905E-003
   2.0054924104377539E-003
   1.9487947917484567E-003
   1.8022412568043664E-003
   1.7929064054610715E-003
   1.8167772269433173E-003
   1.8460749631197633E-003
   1.8129456896110987E-003
   1.7980299889649829E-003
   1.7476261901902463E-003
   1.7077068159246733E-003
   1.6499428224020312E-003
   1.6328623253938929E-003
   1.5778956482012771E-003
   1.6273845324011273E-003
   1.6837445780437533E-003
   1.6625608717105958E-003
   1.7820788977493843E-003
   1.8673560142811181E-003
   1.9747317937755375E-003
   2.1118544108599236E-003
   1.9169292762127167E-003
   2.0369372531625026E-003
   1.8827147830820579E-003
   1.8552160797680700E-003
   1.7763544524904153E-003
   1.7655169228765486E-003
   1.9154527273045048E-003
   1.7012117361402534E-003
   1.7878784008893000E-003
   1.8612430078060473E-003
   1.7693045881527765E-003
   1.9761505366683043E-003
   1.8874097068919138E-003
   1.8190766807925744E-003
   1.8316546063779486E-003
   1.6923791786627169E-003
   1.7567977647701702E-003
   1.8580219458778470E-003
   1.8167836242510074E-003
   1.8177221133962790E-003
   1.7407025462386650E-003
   1.6306459248444426E-003
   1.6883930854338443E-003
   1.7389660879384605E-003
   1.6307077326547577E-003
   1.6232927404888299E-003
   1.5925719593063584E-003
   1.7798042915975647E-003
   1.9041625079066547E-003
   2.0686120655076519E-003
   2.0120584796097614E-003
   2.0442694099445506E-003
   1.9915946276156393E-003
   2.2482502146702020E-003
   2.0642182766893364E-003
   2.1632222587417271E-003
   2.4185917434035075E-003
   2.3666230330858188E-003
   2.4387267932546551E-003
   2.5268409673273443E-003
   2.3756485165031278E-003
   2.3631777190461544E-003
   2.3703273261466581E-003
   2.1860232056814016E-003
   2.1017874396515013E-003
   2.2164325526341901E-003
   1.8854631970256633E-003
   2.1180783710319367E-003
   2.0658724156130282E-003
   1.7927813993005358E-003
   1.7735627805923241E-003
   1.7198656235780422E-003
   1.7390774214659525E-003
   1.7749277768894164E-003
   1.6410186334006064E-003
   1.7333244695063243E-003
   1.7898584925512811E-003
   1.7664623811584883E-003
   1.7419328677614472E-003
   1.6412468066245882E-003
   1.6837164072780551E-003
   1.4681611284206725E-003
   1.4986475931442593E-003
   1.6530741737208797E-003
   1.5966555014788018E-003
   1.7468847633606134E-003
   1.9138726580708919E-003
   1.9750360535141140E-003
   1.8886416847147000E-003
   1.8413464212626372E-003
   1.7754533571151536E-003
   1.6358964920620514E-003
   1.6178465688738736E-003
   1.6620086879266171E-003
   1.7597497877821263E-003
   1.8297768277392924E-003
   1.8814617316106820E-003
   1.9771611216585628E-003
   1.8723279409447874E-003
   2.0922934847133908E-003
   2.3293723624526626E-003
   2.1540905002550978E-003
   2.2081101605977206E-003
   1.9639597776561013E-003
   2.0401728284204271E-003
   2.1350185265326133E-003
   2.2854717331741770E-003
   2.1462596649878961E-003
   2.0519181071926838E-003
   1.9206190460546325E-003
   1.9541314716380910E-003
   2.1682396966264780E-003
   2.1419072441480978E-003
   2.3076946721459469E-003
   2.3884378612714055E-003
   2.4611461163328153E-003
   2.1273361351785264E-003
   2.2220614909804789E-003
   2.0226948015257171E-003
   1.8715849830769596E-003
   1.8101615322839697E-003
   1.8272659039282309E-003
   1.8846179731258866E-003
   1.7412734827127012E-003
   1.6953045995107162E-003
   1.7921634683488647E-003
   1.9163804819548036E-003
   1.9024501084995257E-003
   1.7310214585696362E-003
   1.5932403542772103E-003
   1.5411624683944554E-003
   1.5560805791671206E-003
   1.5183176398967148E-003
   1.5236236842834203E-003
   1.5388036071104290E-003
   1.5626226955047697E-003
   1.6055908661441948E-003
   1.5357383588335679E-003
   1.4349095397284167E-003
   1.4332072234935630E-003
   1.4543265142543719E-003
   1.4230963000071682E-003
   1.5008995164397117E-003
   1.6041093720474016E-003
   1.6171812647156566E-003
   1.7309715351030135E-003
   1.7011043562882092E-003
   1.6648135286775011E-003
   1.8098017532328068E-003
   1.9123580790996494E-003
   1.9386525544820338E-003
   1.7153118779585253E-003
   1.8695949095471752E-003
   1.9461710441058457E-003
   1.7534191313543211E-003
   1.8740929898601391E-003
   1.9035209297910724E-003
   1.8829515741896486E-003
   1.9827971911560243E-003
   1.8121165052285681E-003
   1.8577108221196361E-003
   1.9977014517674986E-003
   1.8594907872490542E-003
   1.7206285156504721E-003
   1.7967507116132102E-003
   1.6873459126697081E-003
   1.6673930030582909E-003
   1.6556880448795833E-003
   1.7185260139647928E-003
   1.8296258583790340E-003
   1.9014933367586767E-003
   2.1285463523514373E-003
   2.1497227965902714E-003
   1.9692648753243235E-003
   2.0218722559476447E-003
   1.9374605303386339E-003
   1.9695429624130350E-003
   2.2103189978861164E-003
   1.9369868171447121E-003
   1.9317142407156993E-003
   1.8265242652585193E-003
   1.9033572923053299E-003
   1.8732613918219399E-003
   1.7415581667207783E-003
   1.7466865526491065E-003
   1.6907422089595127E-003
   1.7610414874364442E-003
   1.5625468642222170E-003
   1.5549038056933927E-003
   1.5800475055738439E-003
   1.5979010306147294E-003
   1.5073998550451735E-003
   1.5614187137874456E-003
   1.6062270026848638E-003
   1.5928951292465609E-003
   1.6176808905146048E-003
   1.7030179686496566E-003
   1.7946739359601398E-003
   1.8347283557536170E-003
   1.8179486106828513E-003
   1.6906885638092361E-003
   1.6288985930217651E-003
   1.8276893230572630E-003
   1.7712209288298995E-003
   1.6958649608227302E-003
   1.7589931110245276E-003
   1.8050879571322464E-003
   1.8053046766569559E-003
   1.6444937564020076E-003
   1.6893654241969937E-003
   1.7480724841791842E-003
   1.8336511561941353E-003
   1.8577693504117738E-003
   1.8453232513389736E-003
   1.6669097714144901E-003
   1.6930201933547221E-003
   2.0069103780757324E-003
   1.9056025196959659E-003
   1.8659341411236669E-003
   2.0647892038207914E-003
   2.0380662207088373E-003
   1.9558435703922366E-003
   1.8987587912501218E-003
   1.9080032032541346E-003
   2.1368222353060329E-003
   2.2810229816976374E-003
   2.5506845071403906E-003
   2.2366979343049114E-003
   2.0160953879445791E-003
   2.0219962417976456E-003
   1.8214472316089082E-003
   1.8457660446978604E-003
   1.8442004799705193E-003
   1.8935563427886310E-003
   1.9269487557180150E-003
   1.9310322094472424E-003
   1.9513652959297124E-003
   1.9159785805401884E-003
   1.9100548106057297E-003
   1.9653513765732367E-003
   1.9008636828126411E-003
   1.8030449617794841E-003
   1.8522898802638378E-003
   1.8548226674119359E-003
   1.9364517791273853E-003
   1.9675122291857874E-003
   1.7880587809506426E-003
   1.7044409430746845E-003
   1.6667072318437312E-003
   1.6891418809707604E-003
   1.6479342656729619E-003
   1.6335800151102565E-003
   1.6573341267892491E-003
   1.5969329709940975E-003
   1.5636814525033346E-003
   1.5391878709059468E-003
   1.5410562258091718E-003
   1.4259008471262139E-003
   1.4767796693231168E-003
   1.4933430721160166E-003
   1.5063932698992522E-003
   1.6631163603244938E-003
   1.7644918596504185E-003
   1.6949547387472795E-003
   1.8031267044652623E-003
   1.9029360597147623E-003
   2.0445556969418241E-003
   1.9837266474730534E-003
   2.0756917012815161E-003
   1.9983559417495892E-003
   2.0305845839088611E-003
   2.0250187895041764E-003
   1.8107357635863857E-003
   1.6482731585324840E-003
   1.6637424700809253E-003
   1.8327006043020700E-003
   1.8754012663386730E-003
   2.0109821074992258E-003
   1.9392908312682190E-003
   1.6725733310351443E-003
   1.6781026380333795E-003
   1.6697627901310385E-003
   1.7392315363475687E-003
   1.8425146657127399E-003
   1.7888930921557120E-003
   1.9027229943128770E-003
   2.0544733098387048E-003
   1.9744408431345705E-003
   2.0521788580784256E-003
   1.9678914330104966E-003
   1.8740584594498142E-003
   1.9210622964694164E-003
   1.7397208201338412E-003
   1.7177422883820083E-003
   1.7205861384133282E-003
   1.6534455589860058E-003
   1.6216663866872457E-003
   1.7298178459630577E-003
   1.7523832471797091E-003
   1.7658138903391739E-003
   1.9331302313539487E-003
   1.9244682399356075E-003
   1.9676369409374630E-003
   1.9875419472591945E-003
   1.9154220931222666E-003
   1.8777943298192760E-003
   1.7941822260042566E-003
   1.9791292781550611E-003
   1.7980409306681275E-003
   1.7673054692842012E-003
   1.7203667717483413E-003
   1.6028747291213612E-003
   1.6668819178373981E-003
   1.6737654346617612E-003
   1.6643614622673789E-003
   1.7010096340748268E-003
   1.9040449080694275E-003
   1.9966649214575873E-003
   1.9285968486861156E-003
   1.8491309696036210E-003
   1.8527627677750579E-003
   1.8552898904381553E-003
   2.0071554300599495E-003
   2.1376220363695793E-003
   2.2977066928177099E-003
   2.3047779789308882E-003
   2.3096284443083230E-003
   2.4050100443675005E-003
   2.6664558352798590E-003
   2.7269171109996267E-003
   2.4669090190627416E-003
   2.6405633179975387E-003
   2.5362479845681047E-003
   2.3945808193536955E-003
   2.0065676489477301E-003
   1.9427611972401169E-003
   1.9185239046449257E-003
   1.9508103969743916E-003
   1.8637405990530121E-003
   1.6300499984240433E-003
   1.6267826093192396E-003
   1.6277633678541397E-003
   1.7535974159108090E-003
   1.8318401741373354E-003
   1.9589512512672314E-003
   2.1251510010429730E-003
   2.2792031588819922E-003
   2.0127747458397799E-003
   2.1145168155530221E-003
   1.9645268871031343E-003
   2.1549321832091393E-003
   2.1814650031355310E-003
   2.2323642302719210E-003
   2.2940049956907817E-003
   2.1947555337249107E-003
   1.8698246107581671E-003
   1.7817616747218335E-003
   1.5397266199463186E-003
   1.5376665930268794E-003
   1.4555710557795827E-003
   1.4755538138431230E-003
   1.4837392547141480E-003
   1.4711988360248418E-003
   1.4968961998023723E-003
   1.5798857416019167E-003
   1.6024501899079241E-003
   1.6405986372499677E-003
   1.7125130984790790E-003
   1.7185973274948926E-003
   1.7501477675907935E-003
   1.8648357899704589E-003
   1.9651579665692460E-003
   2.1227294686571676E-003
   2.2628988157433814E-003
   2.2269737549997295E-003
   2.5933342823997942E-003
   2.7185955422701284E-003
   2.4394986527078600E-003
   2.1519666762213918E-003
   2.4243673382954543E-003
   2.3331369494942089E-003
   2.4321254424975996E-003
   2.5771510954668859E-003
   2.9825158335115604E-003
   3.1649880796028348E-003
   3.1118356430683120E-003
   3.0343721676378212E-003
   2.4823704211514907E-003
   3.0730082144080398E-003
   2.8978439416252684E-003
   3.2251823377477209E-003
   2.3744958753963560E-003
   2.3686972339728510E-003
   2.3408619031196095E-003
   2.2148293005370334E-003
   2.2425704546107914E-003
   2.0750334136269998E-003
   2.3039606286566821E-003
   2.1828165555218002E-003
   2.1815123281860921E-003
   2.1382743640365708E-003
   2.0495481792618970E-003
   2.0622407913921024E-003
   2.1058663459839993E-003
   1.9201703628782675E-003
   2.0386219456930083E-003
   2.0726725717675450E-003
   2.0301407518921399E-003
   1.9563564495129740E-003
   1.9062549842134052E-003
   1.9428950679433151E-003
   2.0768564031001541E-003
   2.1821431174061409E-003
   2.0667676585593119E-003
   2.1495053746051242E-003
   2.3472408689117139E-003
   2.4606547220565960E-003
   2.4016056053357054E-003
   2.3441966388242324E-003
   2.8132642235725916E-003
   3.2184641471605401E-003
   3.2157803040266924E-003
   3.3952057691146445E-003
   2.5904836239611039E-003
   3.2312277905491389E-003
   4.6135583824696057E-003
   6.0930863994452930E-003
   6.9584835910221484E-003
   6.2645322773006700E-003
   6.1123141724991614E-003
   5.9784096058385994E-003
   8.6641440021325376E-003
   3.0931441502140044E-003
   2.2286747108456453E-003
   2.2345585767261180E-003
   2.0433442490490122E-003
   2.0163778473731762E-003
   2.0561468047291735E-003
   2.0330832567836583E-003
   1.9843834566232775E-003
   1.9643000864646969E-003
   1.9887061767592251E-003
   1.9699071753846811E-003
   1.9718282566364193E-003
   2.0219403684524390E-003
   2.1928722662448463E-003
   2.1126435399142292E-003
   2.1771702660129811E-003
   2.1086193086171392E-003
   2.1305560118375293E-003
   2.2926215371620101E-003
   2.3505322831617681E-003
   2.3710956963223259E-003
   2.4411375418994701E-003
   2.6432223405965368E-003
   2.8055505805197616E-003
   2.7477928851815988E-003
   2.7174999815049550E-003
   2.8202960896529252E-003
   3.2006663215145316E-003
   3.5248546647146163E-003
   3.1063794380054425E-003
   2.4025215764504971E-003
   2.5055692354803870E-003
   2.6417377047534135E-003
   2.6494648712122948E-003
   2.4849582566066068E-003
   2.3488824402831876E-003
   2.5912568385140955E-003
   2.3251405364450306E-003
   2.1899052991993071E-003
   2.1749854784454742E-003
   2.2995324963028495E-003
   2.2376310949184974E-003
   2.5105783764490042E-003
   2.6148605394166967E-003
   2.6952511784728871E-003
   2.0930749042386188E-003
   2.3440749438088174E-003
   2.3129615584061608E-003
   2.3668065553985643E-003
   2.4992788044653821E-003
   2.6381578531749607E-003
   2.5956265096741126E-003
   2.4467270201647537E-003
   2.6588615261072634E-003
   2.8495352617031117E-003
   2.6882352242018335E-003
   2.8634139711673024E-003
   2.7793917139497461E-003
   2.6492697287689134E-003
   2.6010339835050500E-003
   2.1212359077973351E-003
   1.8958161137047329E-003
   1.7834292030923843E-003
   1.8517748385018270E-003
   1.8406040460890478E-003
   1.9022204451690833E-003
   1.8967258675464337E-003
   1.9140097360507318E-003
   2.2111209523763883E-003
   2.1764408008311752E-003
   2.2191642086804341E-003
   2.2550158816305376E-003
   2.1985542606469794E-003
   2.5627882706890054E-003
   2.5208989691045459E-003
   2.7177420185519247E-003
   2.7295761090974503E-003
   2.4632698191033287E-003
   2.1879639688324325E-003
   1.9734025718353351E-003
   2.1818965262367664E-003
   2.1548866616722872E-003
   2.3319211442746181E-003
   2.5937661579300791E-003
   2.2855829324088389E-003
   2.2047552681328407E-003
   2.0502291879284534E-003
   2.1706082033439967E-003
   2.1540901193565620E-003
   2.1853821302432195E-003
   2.2112595035463671E-003
   2.2212969304542265E-003
   1.9819914747222565E-003
   1.9856321846263313E-003
   2.0408093649710982E-003
   2.0221800871131107E-003
   2.0843697483939371E-003
   1.8849201151634042E-003
   1.9108279444921673E-003
   2.0212705194819357E-003
   2.1645533949027941E-003
   2.1175407681137252E-003
   2.0407128047676224E-003
   2.1796660366847531E-003
   2.3337859294232811E-003
   2.2761984797788752E-003
   2.0873986480117617E-003
   2.0080734289892599E-003
   1.9331301681284130E-003
   1.7204552635699563E-003
   1.8959492504155350E-003
   1.7217124826071782E-003
   1.7609944288423346E-003
   1.8635989965018807E-003
   2.0868228704351019E-003
   2.0035299335079103E-003
   1.9784300656176235E-003
   2.0022764539604850E-003
   2.0922630690699980E-003
   2.0120015947818980E-003
   1.8636509498181307E-003
   1.9721971232646214E-003
   1.8534547526146375E-003
   1.8183706510379630E-003
   1.7652456685400577E-003
   1.7827216918070187E-003
   1.8753712728557248E-003
   1.8037564968984472E-003
   1.7615255349139173E-003
   1.6956110720922125E-003
   1.7899336048877398E-003
   1.7509608781409146E-003
   1.6745711900193045E-003
   1.6529103950047169E-003
   1.7257696418584234E-003
   1.7714532703775772E-003
   1.8131342507066105E-003
   1.8632727196527803E-003
   1.8106247292638605E-003
   1.8996737717403447E-003
   2.0279783276279310E-003
   2.1557038082543746E-003
   2.0551075536000213E-003
   1.9097809332888362E-003
   2.0072077174511397E-003
   2.0721353955621925E-003
   2.1159060991953514E-003
   2.0218582931447672E-003
   1.9320472722035352E-003
   2.0249075657455752E-003
   1.8603246646209460E-003
   1.8628606089466186E-003
   2.0630611497843743E-003
   1.9165914168709497E-003
   2.0197746426496052E-003
   2.2712096993037722E-003
   2.0425126591012911E-003
   1.9281968822169545E-003
   1.8636513150517976E-003
   1.7310626547862424E-003
   1.7031218111924068E-003
   1.6765513949251354E-003
   1.7503941063873531E-003
   1.6897216331315974E-003
   1.7388335337372362E-003
   1.6898961221061023E-003
   1.7385036585831318E-003
   1.7344124890311548E-003
   1.5952246842853410E-003
   1.7192037950017893E-003
   1.5394104364570373E-003
   1.5616892158778655E-003
   1.6006180013369473E-003
   1.5574473605152823E-003
   1.5838028388628755E-003
   1.5465897755494915E-003
   1.4962731508382004E-003
   1.6259037386826632E-003
   1.7436144438093832E-003
   1.7487205093139088E-003
   1.7221223897861729E-003
   1.5475036078692963E-003
   1.5648257046860573E-003
   1.6047354501830256E-003
   1.7240453956139728E-003
   1.7640827619432213E-003
   1.8182303469907047E-003
   1.7321111855488984E-003
   1.8087238147580838E-003
   1.7175636701054157E-003
   1.7362102377658170E-003
   1.7609410317529816E-003
   1.7382118369920303E-003
   1.7406176156646070E-003
   1.6673466181885974E-003
   1.5914487158641235E-003
   1.7404361493417928E-003
   1.7986590473446020E-003
   1.8526839422356391E-003
   1.7131152750769223E-003
   1.6798229113538367E-003
   1.7735061307734223E-003
   1.8813582068958558E-003
   1.9301942938754423E-003
   2.0790908003909627E-003
   2.1480101737295851E-003
   2.0238366348099219E-003
   2.0052461049990889E-003
   1.8229936816599528E-003
   1.8779443997082800E-003
   1.8407417641881415E-003
   1.9228237452390694E-003
   1.9071882525534697E-003
   1.9910514964247535E-003
   2.0127631531110923E-003
   2.1834899241143613E-003
   2.2544374029164348E-003
   2.1090225928690610E-003
   2.1685768642443009E-003
   2.1244492245160659E-003
   2.4668557519181736E-003
   2.3173739351602949E-003
   2.3228822577004734E-003
   2.1549406242596133E-003
   2.1408826615154459E-003
   1.7603236576603078E-003
   1.7751945915737734E-003
   1.7684572802495215E-003
   1.6296124324247886E-003
   1.6384868296169159E-003
   1.7335765926167600E-003
   1.7988908421622499E-003
   1.9049566396268304E-003
   1.9319949879576734E-003
   1.9285176750517665E-003
   1.8660605921035217E-003
   1.8370917696806869E-003
   1.7012413792086482E-003
   1.6043650375626266E-003
   1.6726723200985391E-003
   1.7965085087346968E-003
   1.8111946886724207E-003
   1.8274395198624293E-003
   2.0079164747814080E-003
   2.0191349192642360E-003
   2.2038764279037372E-003
   2.3250830474336568E-003
   2.4457598270365925E-003
   2.3185547278923389E-003
   2.4593053117210276E-003
   2.3174149628689520E-003
   2.3660690413560602E-003
   2.2312767681834846E-003
   2.2142852109039205E-003
   2.0993414126893152E-003
   2.1474631010867063E-003
   2.3098298738801083E-003
   2.2310281725453772E-003
   2.2539665160531790E-003
   2.5043948209999950E-003
   2.7562697331506864E-003
   2.5675938784643416E-003
   2.6593568899419720E-003
   2.9069109805786079E-003
   3.1040741886415248E-003
   3.2586404222103424E-003
   3.1223220239476540E-003
   3.2986022439275590E-003
   3.1595673054567387E-003
   2.7961015271524376E-003
   2.3357354374284774E-003
   2.4027331026714479E-003
   2.0130404915681193E-003
   1.9555003205521141E-003
   1.9497919729977913E-003
   1.9652611756267608E-003
   1.9019440415063782E-003
   1.8647408844074793E-003
   1.8516950536428701E-003
   1.8441767188305494E-003
   1.9185285996529452E-003
   1.9879363686344602E-003
   1.9255898699203713E-003
   2.0154429664092930E-003
   2.0187328388958253E-003
   1.8532621711875971E-003
   1.7954742486436370E-003
   1.8331087620738424E-003
   1.7015554862380542E-003
   1.7308370985601416E-003
   1.7867140365326959E-003
   1.7815738767477610E-003
   1.8617631536299163E-003
   1.9312781116341445E-003
   1.9090010636746990E-003
   1.9006699255361770E-003
   1.9846503331282100E-003
   2.0885592280112061E-003
   2.0102798324992568E-003
   1.9671998884941235E-003
   2.0001683230280723E-003
   1.8820191810960739E-003
   1.9501316337021020E-003
   2.1362268909214084E-003
   2.1162747794292503E-003
   2.2414478811542695E-003
   2.3872946464705523E-003
   2.2965082527245033E-003
   2.3368650997552675E-003
   2.2321271178635674E-003
   2.1142974917155058E-003
   2.1647996267564074E-003
   2.2331393929925585E-003
   2.0944784226490151E-003
   1.9758808295024491E-003
   2.0956989398726541E-003
   1.9697900034723352E-003
   1.9267251394807310E-003
   1.9444882540685276E-003
   1.9184857500094612E-003
   1.9183716070337411E-003
   1.9164807691562074E-003
   1.8033562314677038E-003
   1.7684506913036959E-003
   1.8652960696731607E-003
   1.8071852714620876E-003
   1.7898161397051980E-003
   1.7700827943451115E-003
   1.7243686446419795E-003
   1.7743339374133003E-003
   1.8161753769822355E-003
   1.8516058555145608E-003
   1.7459260006062838E-003
   1.8433233351756399E-003
   2.0232509961191050E-003
   2.0107015965143793E-003
   2.0747510961193747E-003
   2.0317703445664886E-003
   2.0112199386904685E-003
   1.8058497246459331E-003
   1.8742865522275705E-003
   1.9419331832452708E-003
   1.8911516056825286E-003
   2.0150422285747571E-003
   1.9398065614326986E-003
   1.9752579592214560E-003
   1.9537596335755950E-003
   1.7987998457869906E-003
   1.9677390154364954E-003
   1.9815808488723640E-003
   2.0794790485560441E-003
   2.0718856009883640E-003
   2.1074010083134251E-003
   2.1082770873460176E-003
   1.9804636498351080E-003
   1.9157954646036950E-003
   1.9398079300322055E-003
   1.9518137585476903E-003
   2.0139689700108699E-003
   2.2560351328298235E-003
   2.2591465578462454E-003
   2.5194256567198452E-003
   2.6542018875718998E-003
   2.6298946132663910E-003
   2.7238047394355755E-003
   2.6237382031335734E-003
   2.9655929973997608E-003
   3.4584308659297357E-003
   3.2927088299573681E-003
   2.9379753050474688E-003
   2.7123932367029029E-003
   3.0694906963721147E-003
   2.9767874907674565E-003
   2.5623925162992708E-003
   2.2222276515367935E-003
   2.2250605547058616E-003
   2.0826992723685105E-003
   2.1394815553699409E-003
   2.1693449895277593E-003
   2.2265178487994300E-003
   2.1223354927683677E-003
   2.1775840565407233E-003
   2.2601560759497991E-003
   2.2202228337705764E-003
   2.2211372408927729E-003
   2.0887229620399623E-003
   2.0776994922962646E-003
   2.0196860012071083E-003
   2.0903253762321623E-003
   2.0246127300877670E-003
   2.2556910722274868E-003
   2.0435443511963710E-003
   2.1051632142979832E-003
   1.9657099956638187E-003
   1.9159659618232584E-003
   1.9055964960457846E-003
   1.8989884058019410E-003
   1.6494254478810623E-003
   1.5634106504242519E-003
   1.5596080652714598E-003
   1.6420644507276700E-003
   1.7169692768216208E-003
   1.7690093918952677E-003
   1.8452075227410910E-003
   1.9625038095976597E-003
   1.9964406473390412E-003
   2.0853642951562854E-003
   2.0662642557309338E-003
   1.9758161787273203E-003
   1.8022953040147944E-003
   1.8473092663570179E-003
   1.9261486338998314E-003
   2.1289955146896271E-003
   2.1052406511563328E-003
   2.1174902425409111E-003
   2.1089922129778772E-003
   2.0967320311723533E-003
   2.1868751256701184E-003
   2.2408454955747279E-003
   2.5479019160402332E-003
   2.4582431881194512E-003
   2.7678776153060502E-003
   2.9150825394122825E-003
   2.4903977476118644E-003
   2.4855658433178833E-003
   2.3890087371354219E-003
   2.5872461912324011E-003
   2.9007601379387794E-003
   2.3140322736060377E-003
   2.5060710447944033E-003
   2.4696335386529471E-003
   2.1549155677346001E-003
   1.9941118173427159E-003
   2.0182340418047843E-003
   2.1349375982835810E-003
   2.0907746805929393E-003
   2.0351769446642133E-003
   2.1508880988190793E-003
   2.0501016815724716E-003
   2.0438135090252844E-003
   2.1510803226910871E-003
   2.0387986504488706E-003
   1.7922690548957583E-003
   1.7042652942585526E-003
   1.6467153966794414E-003
   1.7479361673828921E-003
   1.7021828504155641E-003
   1.7119278495406850E-003
   1.6738935039840714E-003
   1.6505851251449085E-003
   1.8037935443778492E-003
   1.5254152885703265E-003
   1.6206379076613754E-003
   1.7179379443402682E-003
   1.8209785142746795E-003
   1.8787977466808996E-003
   2.0638584346060634E-003
   2.0496894217610731E-003
   1.7832040124521721E-003
   1.8098353057873847E-003
   1.8523586091603590E-003
   1.9967586216414540E-003
   1.8563737447060955E-003
   1.7631605111549148E-003
   1.8628631852030326E-003
   1.8686292313977219E-003
   1.8526411162416196E-003
   1.8915690527550042E-003
   1.9065157285499373E-003
   2.0650316355729985E-003
   2.1610809428194641E-003
   2.3315055882888167E-003
   2.4436098678899377E-003
   2.6178541731243028E-003
   2.6198515394221604E-003
   2.3581384014545138E-003
   2.0808033919630991E-003
   1.9332912975325485E-003
   2.0572325013892001E-003
   2.1356959204307129E-003
   2.1327929744468562E-003
   2.1134409307883824E-003
   1.8751685781871338E-003
   2.0615750870859092E-003
   2.1687095066272640E-003
   2.0874991830600077E-003
   1.9094183414563937E-003
   2.1333535564672856E-003
   2.0612503374267998E-003
   2.3589047247508910E-003
   2.6114021515501466E-003
   2.3780110182794159E-003
   2.3704628794123852E-003
   2.2372153255325860E-003
   2.1899708144197767E-003
   1.9934185214779323E-003
   1.9657889842766745E-003
   2.1201565820017526E-003
   2.1407244297202378E-003
   2.2747189185662641E-003
   2.1509274157009363E-003
   2.1493849780975243E-003
   2.1541214066534073E-003
   2.1596237145250245E-003
   2.1175975221747810E-003
   2.1432034671259705E-003
   1.9004905691959830E-003
   2.0064430765647291E-003
   2.2104413793402654E-003
   2.0580140067951126E-003
   2.0406520882884200E-003
   2.1130704280869638E-003
   2.1345031798041848E-003
   2.1989406774540750E-003
   2.1133950644381138E-003
   2.2886592381276241E-003
   2.2652691918818757E-003
   2.2338252237347508E-003
   2.3051400884985815E-003
   2.3201604911395747E-003
   2.4469724714594465E-003
   2.1571565468597445E-003
   1.9292591628822901E-003
   2.0266974646190078E-003
   1.9743708558490323E-003
   1.9703222404795187E-003
   1.9265089024191032E-003
   2.0082945010939826E-003
   2.2262883981060788E-003
   2.2784575671554153E-003
   2.2736444367133625E-003
   2.4625631373238334E-003
   2.5930339882633338E-003
   2.8790973396226834E-003
   3.3184230856720446E-003
   3.4517457060367026E-003
   3.2093763302283424E-003
   3.0885988121392149E-003
   2.6617021618354020E-003
   2.7606704779395627E-003
   2.5065742298683823E-003
   2.6735971895839308E-003
   2.3502995496007149E-003
   2.6371646995012547E-003
   1.9015168402899407E-003
   1.8745666181524659E-003
   1.8225690992001791E-003
   1.8248544635367416E-003
   1.8998583271220403E-003
   1.9348672506173848E-003
   1.9646023162825490E-003
   2.0643808804613030E-003
   2.1808416527190821E-003
   2.3280210787284881E-003
   2.8337492540878154E-003
   2.9052387988798634E-003
   2.9200952934328749E-003
   3.1683833828784029E-003
   3.2684216168878582E-003
   2.8133310154962042E-003
   2.8231537300059365E-003
   3.0303059468681777E-003
   1.9986576957368644E-003
   1.9810543452079671E-003
   1.9445626843156232E-003
   1.9347473263790452E-003
   1.9505719946933621E-003
   1.8888863219817700E-003
   2.0150705008859880E-003
   2.1749381800521927E-003
   2.2476116040676709E-003
   2.6367130176514135E-003
   2.7678975187921243E-003
   2.8339929559488479E-003
   2.6694011837145944E-003
   2.8765904604170188E-003
   2.7655641742216951E-003
   2.5586046269262148E-003
   2.4472382339611673E-003
   2.1753328855256340E-003
   2.2850201721305342E-003
   2.1792354389954536E-003
   2.1331097066786689E-003
   1.8905424092477089E-003
   1.9637021403266504E-003
   1.7479994346238589E-003
   1.8159008656547960E-003
   1.9937581784433525E-003
   2.2074493476593460E-003
   2.4702205144004259E-003
   2.1216787613791408E-003
   2.1488519988165046E-003
   2.1065409486697613E-003
   2.1592219689929790E-003
   2.2942199824528340E-003
   2.2434606406885093E-003
   2.3486176464597910E-003
   2.4252873273434127E-003
   2.1196405175653585E-003
   2.1130910744595771E-003
   2.1153034714330708E-003
   2.2371808448776787E-003
   2.3665349958317977E-003
   2.0856716569378963E-003
   2.0801258013164923E-003
   2.1466088719299292E-003
   2.0012785417499335E-003
   1.9919865033048868E-003
   2.0456933675230015E-003
   2.0735321436761186E-003
   2.1286355325243508E-003
   2.1299947382436559E-003
   2.0052433110619872E-003
   2.1347201907687369E-003
   2.1189685345217469E-003
   2.3016429252457802E-003
   2.1782086076989203E-003
   2.4016530674474306E-003
   2.2394063464250317E-003
   2.1825191609165301E-003
   2.0258241123011869E-003
   2.1653518877369020E-003
   1.9744279899285393E-003
   2.0592579394377295E-003
   2.0011033585554915E-003
   2.1238315294306691E-003
   2.2102343670068313E-003
   2.2977379858480119E-003
   2.3275189472311861E-003
   2.2497368808090876E-003
   2.2307219584745664E-003
   2.2937596528808356E-003
   2.7156414918978406E-003
   2.6874283159525393E-003
   2.5344582524213003E-003
   2.7099322925000550E-003
   2.7876890001995703E-003
   2.6516488448815275E-003
   2.8523641302514485E-003
   2.6012971553970713E-003
   2.3794876575399613E-003
   2.1165457314227284E-003
   2.0050393219625488E-003
   1.9799756845962353E-003
   2.2237384135842136E-003
   2.1323302763836048E-003
   1.7765846497537431E-003
   1.7267428569691704E-003
   1.6443005621768021E-003
   1.6919026189611951E-003
   1.7322539852285196E-003
   1.7366589272790208E-003
   1.6872450423337244E-003
   1.7895871724598208E-003
   1.9086241324476978E-003
   2.0164309947808619E-003
   2.1754463325369803E-003
   2.4598535585541167E-003
   2.5543133330959643E-003
   2.5439359502215935E-003
   2.6347960251862589E-003
   3.2369311779676386E-003
   2.9651345226344144E-003
   2.5505013210149353E-003
   2.6990168486842217E-003
   3.0034799253080223E-003
   2.4456672411339452E-003
   2.3677434706135658E-003
   2.4314763871044216E-003
   2.2820414540921322E-003
   2.4219270603767227E-003
   2.1538686347550577E-003
   2.3671055477018474E-003
   2.2423039992541462E-003
   2.4600613488125903E-003
   2.5538805283984024E-003
   2.8371731144048139E-003
   2.2598022042337341E-003
   2.1648801023444993E-003
   2.2109453248638548E-003
   2.1028554608147699E-003
   2.0583703457738921E-003
   2.1379184621042493E-003
   2.3096708815126014E-003
   2.2945994337816508E-003
   2.4781799462140720E-003
   2.2559167926690100E-003
   2.0492670150638395E-003
   2.0504436511780007E-003
   1.8177815594290223E-003
   1.7212931284834047E-003
   1.6968181736505730E-003
   1.7148308254927840E-003
   1.5401693034677937E-003
   1.5041676694081368E-003
   1.5343463250844657E-003
   1.5033095762757060E-003
   1.5442420052869392E-003
   1.4062044437849520E-003
   1.3738503154783880E-003
   1.3539843552961811E-003
   1.3002157186835003E-003
   1.4416471987173719E-003
   1.4150106190899691E-003
   1.4065262037720532E-003
   1.5730902991535210E-003
   1.6657264814241418E-003
   1.6026167908077206E-003
   1.6931677761872280E-003
   1.6530867055352873E-003
   1.7380807192891878E-003
   1.8532702503978524E-003
   1.9749115080291771E-003
   2.0838681817558673E-003
   1.9382788727928648E-003
   1.9927309575278407E-003
   2.0986078531796629E-003
   2.4087855772522374E-003
   2.6532566364000799E-003
   2.7749858363588444E-003
   2.7490936682882812E-003
   3.1527591315889617E-003
   3.5037129877357035E-003
   4.4316506929688122E-003
   3.8196425826036540E-003
   3.0767695938648128E-003
   2.7580477044083628E-003
   2.7972845947513091E-003
   2.1902509244897408E-003
   2.3008221179334574E-003
   2.3786268454848740E-003
   2.3726871184022729E-003
   2.4781083132365705E-003
   2.7698457168693169E-003
   2.9361347425514929E-003
   2.7446849265614524E-003
   2.5525933113673747E-003
   2.5016522956575484E-003
   2.4919299338822887E-003
   2.5482661331905901E-003
   2.3724734041129826E-003
   2.2802358915504626E-003
   2.0431790085208294E-003
   2.0117166085636589E-003
   2.0148946071806531E-003
   2.0075269827714106E-003
   1.9073129667805323E-003
   1.8235441263062494E-003
   1.9100136854718736E-003
   1.9261903791020433E-003
   2.0296126506645644E-003
   1.8781681133419245E-003
   2.1119510987492904E-003
   2.0369723712968689E-003
   1.9263084615638456E-003
   2.2257654836664292E-003
   2.1533481628944516E-003
   2.2121465884134125E-003
   2.3746599920658378E-003
   2.1596358306138906E-003
   2.2536169655227021E-003
   2.4830169513397468E-003
   2.5486321019256692E-003
   2.0969645304305721E-003
   2.4488939073667990E-003
   2.1504672086024900E-003
   2.4084058136594594E-003
   2.2133184247532440E-003
   2.6301003426263477E-003
   2.7642432404001347E-003
   2.6728650040377406E-003
   2.4089249731294748E-003
   2.6294792609507446E-003
   2.3526971608604078E-003
   2.4923451226200395E-003
   2.7313595893201752E-003
   3.1316704743959236E-003
   3.3247968222779780E-003
   3.1719410091104352E-003
   3.0808718687162662E-003
   2.7613147069233471E-003
   2.8269062004700157E-003
   2.8262407637238683E-003
   2.9787436823970081E-003
   3.2747790515388459E-003
   3.1820331601150509E-003
   2.9962204715369019E-003
   2.8205270436790094E-003
   2.8182862305590685E-003
   2.8466323675072915E-003
   3.1692421305303991E-003
   3.0520359023350034E-003
   2.7160155487508135E-003
   2.8305264400309213E-003
   2.9199067679340374E-003
   2.5458671436364650E-003
   2.3652923432331773E-003
   2.4160657320101892E-003
   2.5531924596972309E-003
   2.4213967326115653E-003
   2.3435674000472921E-003
   2.4580193364676741E-003
   2.6058739681986062E-003
   2.2585983849559912E-003
   2.3454899114160226E-003
   2.2908881677616466E-003
   2.3076636917684175E-003
   2.2248007291359733E-003
   2.1625710014700696E-003
   1.8471355198886605E-003
   1.9381323612932865E-003
   1.9911977410034796E-003
   2.0365770871546909E-003
   2.0335878308803353E-003
   2.0680492282141418E-003
   2.0395674286290324E-003
   2.1488894641485683E-003
   2.1197483355655930E-003
   2.1697398035100757E-003
   2.0021935929741522E-003
   2.0381416618331458E-003
   1.8558195343336449E-003
   1.8967722437372224E-003
   1.8627245502380438E-003
   1.9893826519263840E-003
   2.0785552340715652E-003
   2.1117357553178139E-003
   2.2195102552110264E-003
   2.1478829066107971E-003
   1.9564786215685095E-003
   1.8837301841841813E-003
   1.9378996361968904E-003
   1.9033994576850169E-003
   1.9728279731537693E-003
   1.8756886930697333E-003
   1.9473485949257378E-003
   1.8999594712988880E-003
   2.1239290628748018E-003
   2.2292621713266327E-003
   2.0575485759945725E-003
   2.1261012016101960E-003
   2.2349076577408639E-003
   2.1660460053396814E-003
   2.0014754217751204E-003
   1.9187298675650206E-003
   2.0928016933695558E-003
   1.8682403088988132E-003
   2.0716030989088247E-003
   2.3102007483135917E-003
   2.3806652906618779E-003
   2.2496562442285181E-003
   2.3827485852532817E-003
   2.5798713587802942E-003
   2.5047877914140533E-003
   2.2491652822865561E-003
   2.3255664705778044E-003
   2.1327529308380593E-003
   2.1346288952562745E-003
   2.0616222466886673E-003
   2.0462188180712681E-003
   1.9825776089683542E-003
   1.8302115149817324E-003
   2.0064927508682872E-003
   2.0781886307883399E-003
   2.0427277591513844E-003
   2.0477271731597479E-003
   2.0456006847484440E-003
   2.1026042537507076E-003
   2.2322467093354977E-003
   2.3448609307704042E-003
   2.4727770435264054E-003
   2.6278591525977970E-003
   2.6198881794373820E-003
   2.6739996649731519E-003
   2.3767433349853569E-003
   2.4532696603707096E-003
   2.5475134794221668E-003
   2.6821019684931239E-003
   2.8253577228495612E-003
   2.8956396057215621E-003
   2.8812193307164733E-003
   3.0276732620808347E-003
   3.0772294455352856E-003
   2.8446698322122242E-003
   2.6953796315969405E-003
   2.6780628452341563E-003
   2.8654913004431460E-003
   3.2362994917627293E-003
   3.8017613640554159E-003
   4.1259206354775065E-003
   4.0601930933474393E-003
   4.3450906832795504E-003
   3.9606696022062605E-003
   3.5255983503350106E-003
   2.4462559746988551E-003
   2.5355589738401650E-003
   2.5088425908751399E-003
   2.6252169552667946E-003
   2.8791192707527634E-003
   2.3243169292255597E-003
   2.3610677041652709E-003
   2.3871612997012040E-003
   2.7367130151832986E-003
   2.8992192675336417E-003
   3.0123888832522959E-003
   2.7335145774557276E-003
   2.9943840705365997E-003
   3.0303539185090062E-003
   2.3450291085622250E-003
   2.2446912747236276E-003
   2.2771778165059692E-003
   2.4663215699352436E-003
   2.2877254663194050E-003
   2.0493874887575871E-003
   2.0335143368864135E-003
   2.1364295994685139E-003
   2.1950133277036602E-003
   2.0075416357671527E-003
   2.0275489729814989E-003
   1.9495950771067771E-003
   2.0883760604986932E-003
   2.1955192653638918E-003
   2.1013829210084337E-003
   2.2095713936967224E-003
   1.9962095573601755E-003
   1.9609934223534455E-003
   2.0928798734430212E-003
   2.2093937734266934E-003
   2.1701521607708275E-003
   2.2502537107295427E-003
   2.3490806549041859E-003
   2.1527996221424768E-003
   2.2323324735691141E-003
   2.0843937689005053E-003
   2.1509040185429896E-003
   2.0163456911730200E-003
   1.8479003770910253E-003
   1.7541075974290979E-003
   1.7127244670126387E-003
   1.9292635179612365E-003
   2.0589617891976024E-003
   2.1241098037535476E-003
   1.9775351187911704E-003
   1.8605970531768517E-003
   1.8894590295154921E-003
   1.6150039214288963E-003
   1.7263384771609711E-003
   1.7084642851086013E-003
   1.6938052528335116E-003
   1.8981400496295097E-003
   1.9799338830693795E-003
   2.0828406429247740E-003
   2.1479276966036389E-003
   2.1972816201812875E-003
   2.2195611691577413E-003
   2.0762674750586115E-003
   2.0683503562205678E-003
   2.1865680555557703E-003
   2.0082155124523365E-003
   1.9426787664570619E-003
   2.0094250954499587E-003
   2.1467309088482769E-003
   2.1544967228409478E-003
   1.9576003607907175E-003
   1.9348789734306775E-003
   2.0540513062051258E-003
   2.0829703649093232E-003
   2.0928252575879141E-003
   2.2285041438001667E-003
   2.4388084620094847E-003
   2.2157322068195135E-003
   2.1218225110212685E-003
   2.1391196091987393E-003
   2.1889255800270212E-003
   2.2367552644085554E-003
   2.4145727700457466E-003
   2.3531323127864334E-003
   2.3347689873768301E-003
   2.5372441204354439E-003
   2.1027293230845212E-003
   1.9455839741043994E-003
   1.8744459828602723E-003
   1.7718534338278340E-003
   1.8012349893112034E-003
   1.8562695497334482E-003
   1.7778870678374858E-003
   1.9216998253572832E-003
   2.0324289730903945E-003
   2.2080566938384341E-003
   2.2564760443385800E-003
   2.2570270315674370E-003
   2.2207884054793944E-003
   2.4576094631724790E-003
   2.7200174800028703E-003
   2.6409206115894485E-003
   2.4404108879930333E-003
   2.2802921647842589E-003
   2.4284238858388856E-003
   2.1623354181301573E-003
   2.3195284818759627E-003
   2.5262134667627294E-003
   2.5382299222079120E-003
   2.3781487185713292E-003
   2.2504004890814299E-003
   2.0528216607510808E-003
   1.7082020978962896E-003
   1.8801830180733183E-003
   1.9162594483326130E-003
   2.0240452725411744E-003
   2.0592217102183025E-003
   1.7387388509685815E-003
   1.8638283564844657E-003
   1.8196566659159264E-003
   1.8213036030038871E-003
   1.7122590626615689E-003
   1.7451675704179583E-003
   1.6430257957550268E-003
   1.7347118352136518E-003
   1.8361797945808936E-003
   1.8636653589958552E-003
   1.9793023923438211E-003
   1.9409968146259699E-003
   2.2803919550971924E-003
   2.2027702090811258E-003
   1.5558251704097254E-003
   1.5435861430772788E-003
   1.5418590284015630E-003
   1.4842571936941593E-003
