  0.33667161254135203     
  0.33026507837744279     
  0.32044097176335895     
  0.30805733945109648     
  0.29267823937312243     
  0.27449011240295429     
  0.25579267137192729     
  0.23944828500764267     
  0.22548475821315220     
  0.21378905448514005     
  0.20344016000737977     
  0.19368667412687607     
  0.18481663945449439     
  0.17655831276932712     
  0.16841365574764353     
  0.16038996513556628     
  0.15289506944701101     
  0.14638299531758633     
  0.14041044408411485     
  0.13497406654795391     
  0.13013742227040981     
  0.12577507891463899     
  0.12192648136385915     
  0.11854439792142678     
  0.11570224650988951     
  0.11373972112672801     
  0.11269155127194697     
  0.11246896004897583     
  0.11291490567597463     
  0.11407534150613220     
  0.11601885584153808     
  0.11855788422456030     
  0.12149400720117570     
  0.12475017873347335     
  0.12810275736159260     
  0.13150671709904355     
  0.13490226899220414     
  0.13829448280618731     
  0.14161655255317199     
  0.14482062474508747     
  0.14785950771920248     
  0.15077120838004687     
  0.15358400073376519     
  0.15632106410809721     
  0.15890601202241977     
  0.16135819215541294     
  0.16369064519155421     
  0.16583201776277942     
  0.16767645650998486     
  0.16920913165335852     
  0.17054638806885236     
  0.17162435347155319     
  0.17220608718061436     
  0.17234822988618237     
  0.17203995647894302     
  0.17144668731268148     
  0.17044385860749206     
  0.16915294054889510     
  0.16778196081861313     
  0.16673150187137722     
  0.16572132116157162     
  0.16468965523684154     
  0.16367500435887453     
  0.16274699384607591     
  0.16171423880444072     
  0.16052139547872374     
  0.15921587280223501     
  0.15785095712891001     
  0.15652145869643425     
  0.15541804418944416     
  0.15423274857733674     
  0.15300089611111101     
  0.15186891219661888     
  0.15098195455076988     
  0.15057027921309082     
  0.15090698091409846     
  0.15160595845230587     
  0.15262241129466497     
  0.15399656336408182     
  0.15556113680693170     
  0.15724407568718388     
  0.15902895124087268     
  0.16086647134778925     
  0.16278583208599795     
  0.16476929943012533     
  0.16675557532856033     
  0.16871066481312064     
  0.17064780511988098     
  0.17263777406752603     
  0.17459573618657617     
  0.17649151546885883     
  0.17833119928433036     
  0.18005954325265583     
  0.18169804797979780     
  0.18322441369217257     
  0.18466821284623508     
  0.18604994097895702     
  0.18734053780494431     
  0.18839309626089296     
  0.18898987451827365     
  0.18906661853899762     
  0.18885096781343511     
  0.18834600363941006     
  0.18763340921553787     
  0.18677992219094325     
  0.18536566544936345     
  0.18362395779834392     
  0.18168496084167013     
  0.17985325187634266     
  0.17857767845247843     
  0.17751161426152154     
  0.17635384099875959     
  0.17512718951834880     
  0.17396487689787798     
  0.17293056773172466     
  0.17197072320776347     
  0.17124174523664665     
  0.17074219878387698     
  0.17044879866033857     
  0.17023223982277411     
  0.17015716033153958     
  0.17043727914501217     
  0.17075773291071958     
  0.17101264046821782     
  0.17123288873946715     
  0.17142587774212178     
  0.17148646001085729     
  0.17161742815687608     
  0.17198862005256516     
  0.17262317294564761     
  0.17343151858474268     
  0.17436620342383508     
  0.17505156145054060     
  0.17539600975657116     
  0.17488468823180145     
  0.17417728155920134     
  0.17361126638321286     
  0.17329238841181882     
  0.17313103551635683     
  0.17301487148172925     
  0.17293082544525459     
  0.17295358415275186     
  0.17295820546002147     
  0.17295613122219278     
  0.17294721846220928     
  0.17295795494005861     
  0.17293553193708683     
  0.17270849320568543     
  0.17250265384145205     
  0.17230240458018539     
  0.17205024887950179     
  0.17178712212049430     
  0.17145197228043899     
  0.17097582591425639     
  0.17042852941396114     
  0.17002197173302996     
  0.16971737077239651     
  0.16930564088241051     
  0.16871436419548896     
  0.16808865992840347     
  0.16759958476052397     
  0.16715917038298184     
  0.16671752363283271     
  0.16622666657292401     
  0.16570463439891173     
  0.16521894318913102     
  0.16497274616732968     
  0.16489516450068697     
  0.16478056550246725     
  0.16456333863185960     
  0.16436427999914929     
  0.16409841646080486     
  0.16376369351541212     
  0.16355793640699348     
  0.16357408237475776     
  0.16377390714274720     
  0.16389477322487034     
  0.16402383778034155     
  0.16421812294070198     
  0.16425407826534283     
  0.16425007607606126     
  0.16441910300918930     
  0.16474011716987960     
  0.16523630768607567     
  0.16578404579856759     
  0.16633031830046324     
  0.16683194002642704     
  0.16726518420407901     
  0.16759299049349202     
  0.16784287245223906     
  0.16801890248652232     
  0.16818419120472800     
  0.16857639008219727     
  0.16916064733175443     
  0.16970024510552315     
  0.17017872170776363     
  0.17058416010969807     
  0.17091147319828126     
  0.17127032454158894     
  0.17167004800532529     
  0.17203845047147770     
  0.17233543808423871     
  0.17264176088898059     
  0.17278911011253709     
  0.17283413129433564     
  0.17293378718495181     
  0.17309988310051183     
  0.17323017671546012     
  0.17328452307338682     
  0.17318850194234023     
  0.17293836972388568     
  0.17260392364864904     
  0.17230066872957836     
  0.17207828204707917     
  0.17185322673041636     
  0.17161303812029174     
  0.17132866730071117     
  0.17101321671684733     
  0.17075885744403346     
  0.17056506129673002     
  0.17044959745210725     
  0.17041115918454378     
  0.17037957057046826     
  0.17034713223843409     
  0.17041357469749838     
  0.17065640201897955     
  0.17105121242610280     
  0.17158840463153591     
  0.17218488387553479     
  0.17280048347701590     
  0.17348670381480100     
  0.17427493129367685     
  0.17515028148105810     
  0.17608413989933547     
  0.17708261305140294     
  0.17811992489936920     
  0.17914710944870005     
  0.18009507130181734     
  0.18091057003404626     
  0.18161377404541976     
  0.18235558170736227     
  0.18301451423326351     
  0.18342085467699612     
  0.18364807607657044     
  0.18385671415294308     
  0.18402612062370258     
  0.18408093527180205     
  0.18406051494921394     
  0.18408041133895589     
  0.18377473660896665     
  0.18320409563025383     
  0.18248360938173669     
  0.18155718498936838     
  0.18039849639848893     
  0.17898360253558013     
  0.17760359201023262     
  0.17638042804443399     
  0.17529113660365558     
  0.17438876896917213     
  0.17359966717402001     
  0.17231546444990101     
  0.17073115281684198     
  0.16922138579487572     
  0.16796343409795664     
  0.16673012731614645     
  0.16565918249026862     
  0.16478510994180010     
  0.16415660286444356     
  0.16359564538040050     
  0.16303795337165863     
  0.16252146715679516     
  0.16210793002633878     
  0.16176835925309122     
  0.16155257183991972     
  0.16135825386018071     
  0.16115348409389943     
  0.16101774950718983     
  0.16096320465835892     
  0.16097921421811220     
  0.16103309497112370     
  0.16108055163788143     
  0.16120218599829678     
  0.16136667181890132     
  0.16139884266813589     
  0.16136700229915774     
  0.16109348091577780     
  0.16068991625188564     
  0.16027982909131847     
  0.15973179059197587     
  0.15896906664490310     
  0.15827039284435715     
  0.15773914541933584     
  0.15720378034653160     
  0.15667903899673455     
  0.15606407806525358     
  0.15535019817625662     
  0.15461798314880568     
  0.15397842961015623     
  0.15336909523429698     
  0.15268410408805480     
  0.15188672614226484     
  0.15114149366032442     
  0.15048418875393418     
  0.14999726316505724     
  0.14967174971983474     
  0.14943883991789489     
  0.14924082363736280     
  0.14901319913458752     
  0.14881029980605714     
  0.14862608485562245     
  0.14849841832795757     
  0.14845248275671330     
  0.14846472347042777     
  0.14856399918029281     
  0.14876173304106124     
  0.14899519640062647     
  0.14926170022040358     
  0.14959961201312630     
  0.15004475784040519     
  0.15055168464630106     
  0.15105033589381800     
  0.15156531080334890     
  0.15212240301716970     
  0.15273424909145500     
  0.15340266646669595     
  0.15412093727859949     
  0.15486195859910776     
  0.15561113285199696     
  0.15644805651170343     
  0.15739957655879117     
  0.15808819000765709     
  0.15861070327332985     
  0.15920610911105476     
  0.15996626394590927     
  0.16081001593050795     
  0.16161204571754686     
  0.16236939872323822     
  0.16314918048843507     
  0.16400752536499355     
  0.16492461208347178     
  0.16591221217713115     
  0.16700078305193719     
  0.16809235883063742     
  0.16916667721582029     
  0.17026594414906598     
  0.17136554711369653     
  0.17243931296630319     
  0.17344706200472296     
  0.17432349435521152     
  0.17506164806104915     
  0.17571879026716705     
  0.17633746606081963     
  0.17693070631125771     
  0.17744829579807533     
  0.17788443154075104     
  0.17829114063609369     
  0.17869867300774045     
  0.17904472030154431     
  0.17937681072280764     
  0.17974741534134159     
  0.18011120890571600     
  0.18045983426805443     
  0.18083878521901611     
  0.18128363055484029     
  0.18177192603290310     
  0.18228324983904806     
  0.18280058293574503     
  0.18338516832207316     
  0.18424728511517002     
  0.18494661743638571     
  0.18512400678389088     
  0.18529504195880847     
  0.18565120433510621     
  0.18619606844129580     
  0.18653855577940401     
  0.18669925382080702     
  0.18674095883876513     
  0.18671009663839577     
  0.18674298377557072     
  0.18683687622454434     
  0.18690939552750038     
  0.18696232468780824     
  0.18699422289695813     
  0.18696787429561354     
  0.18675811317748262     
  0.18644031326829036     
  0.18598108196513038     
  0.18554948560851547     
  0.18535605479466211     
  0.18528732430769806     
  0.18526447208754859     
  0.18536669256804283     
  0.18549071801142428     
  0.18553418537694785     
  0.18565932849381278     
  0.18584552679560717     
  0.18593289358299636     
  0.18587046297433454     
  0.18581435249200351     
  0.18583913319729931     
  0.18598221018230790     
  0.18617998690472512     
  0.18634066281601247     
  0.18648573129945534     
  0.18663614222101660     
  0.18681236451818528     
  0.18709785572557944     
  0.18736727865153291     
  0.18761809122617484     
  0.18786607834414484     
  0.18810005023357573     
  0.18832139395447420     
  0.18874248399886448     
  0.18946325659027360     
  0.19019825813087307     
  0.19068537921902715     
  0.19100850650287590     
  0.19118265199825452     
  0.19117111022529448     
  0.19110550562080231     
  0.19100463049957020     
  0.19082149931324910     
  0.19054246111357606     
  0.19015789694978674     
  0.18969828130830682     
  0.18916184579462439     
  0.18849622936173918     
  0.18770326115036604     
  0.18673146722767708     
  0.18557753255889506     
  0.18442051918104904     
  0.18325856714657604     
  0.18205241228514935     
  0.18080129125786581     
  0.17957296669125841     
  0.17822873464078776     
  0.17709165625817852     
  0.17622534334094250     
  0.17557164262231470     
  0.17504345536284327     
  0.17468154085710016     
  0.17445068156846666     
  0.17439524276246068     
  0.17465537875292353     
  0.17500219555338051     
  0.17495170682448083     
  0.17485623209088097     
  0.17480512757899450     
  0.17482357371479285     
  0.17495573306014520     
  0.17515313496636242     
  0.17540207854826673     
  0.17567408417818237     
  0.17594697630627817     
  0.17625297824312181     
  0.17664109810097783     
  0.17708336302995964     
  0.17756044769861143     
  0.17808931564914265     
  0.17867941029160789     
  0.17934916884777635     
  0.18008519144255600     
  0.18083211288962076     
  0.18154213161907107     
  0.18228830604262325     
  0.18317529428986562     
  0.18390648062450435     
  0.18421442237980351     
  0.18427010975704594     
  0.18432695205057453     
  0.18437427765756914     
  0.18435927513062358     
  0.18429051483482256     
  0.18415064495950603     
  0.18390566393073643     
  0.18363890426983295     
  0.18336086517929870     
  0.18306581605170411     
  0.18282410642984706     
  0.18260860039472615     
  0.18238531664543500     
  0.18210598964181776     
  0.18172602660875473     
  0.18137731944260246     
  0.18121549413799098     
  0.18082106742249535     
  0.18022433464190152     
  0.17965743503201670     
  0.17933949664037593     
  0.17913152948789501     
  0.17892704137764187     
  0.17873223704673732     
  0.17857339187277105     
  0.17852857957080562     
  0.17857674880021604     
  0.17887734544687375     
  0.17955029060604596     
  0.18030434584046759     
  0.18111854575709432     
  0.18195758096868678     
  0.18284454014516444     
  0.18379036432848361     
  0.18484234513736464     
  0.18604054739113740     
  0.18718183510690189     
  0.18821769826853663     
  0.18909725363729513     
  0.18975128418605838     
  0.19025117094703503     
  0.19067197224795748     
  0.19110044939424056     
  0.19160657438339279     
  0.19214273131030635     
  0.19259114685857762     
  0.19294353642217185     
  0.19324327179814699     
  0.19347199774309840     
  0.19361840299814595     
  0.19371485371573841     
  0.19380049124619736     
  0.19379374278966119     
  0.19362833034870308     
  0.19333031903434500     
  0.19293218426512693     
  0.19240380598079060     
  0.19169027162026361     
  0.19098233748366461     
  0.19035092292063729     
  0.18955979101850989     
  0.18867733702742656     
  0.18775630415093783     
  0.18682142251491263     
  0.18589465585481341     
  0.18490785419487279     
  0.18384784201745308     
  0.18276504378342276     
  0.18168724945190384     
  0.18060451350091666     
  0.17945562403944207     
  0.17831440273187946     
  0.17729169371638306     
  0.17629455639837888     
  0.17537528312066855     
  0.17457798467059421     
  0.17387072148650443     
  0.17321866339031963     
  0.17260994068137289     
  0.17203756068554080     
  0.17159513426379644     
  0.17136787827338879     
  0.17124705474950230     
  0.17109279989400675     
  0.17092040520538129     
  0.17102824655829138     
  0.17137856016406963     
  0.17154271610221292     
  0.17138248252550406     
  0.17104341980533511     
  0.17079202878691047     
  0.17081007260243539     
  0.17102408481404924     
  0.17134056240934306     
  0.17176491656361542     
  0.17213410747197591     
  0.17242978814491530     
  0.17281245983828428     
  0.17339965829151530     
  0.17413614655260948     
  0.17498480744040323     
  0.17596284923627031     
  0.17700731440901823     
  0.17801653729366873     
  0.17902669832058885     
  0.18019314815241633     
  0.18145182304970314     
  0.18279970214255770     
  0.18395113829241269     
  0.18481287362886720     
  0.18541932645863862     
  0.18581905429582296     
  0.18600897727490612     
  0.18589131891330474     
  0.18545734826325405     
  0.18476333530277247     
  0.18386361492031256     
  0.18262089066085468     
  0.18101381161378979     
  0.17935724870261444     
  0.17765440702001314     
  0.17586004016547618     
  0.17452524185797344     
  0.17359612189786058     
  0.17296843030769274     
  0.17258737990660578     
  0.17238425910443977     
  0.17233200868688678     
  0.17245902887614242     
  0.17273312937268531     
  0.17312844449797055     
  0.17364612326022594     
  0.17428539060614789     
  0.17502581194076972     
  0.17588343708447096     
  0.17690916303190615     
  0.17807447155289993     
  0.17931113798156179     
  0.18045016584783602     
  0.18141304789359211     
  0.18221340930570520     
  0.18281799397597095     
  0.18316782542440385     
  0.18328283480528779     
  0.18326340429946225     
  0.18314060364126172     
  0.18289668354389407     
  0.18251262464618881     
  0.18193407987984453     
  0.18109736905975590     
  0.18001964732426062     
  0.17877936859078894     
  0.17744616544228431     
  0.17617981199947727     
  0.17522084105393682     
  0.17427853893814824     
  0.17365422054648058     
  0.17328436091860414     
  0.17314496410635538     
  0.17318399458896327     
  0.17332429503556310     
  0.17358191415299404     
  0.17393336277894875     
  0.17439875502754790     
  0.17494163697082576     
  0.17544353692405878     
  0.17579420785939806     
  0.17603493026656727     
  0.17627756967041211     
  0.17613087478884876     
  0.17567587954933064     
  0.17506402129476611     
  0.17444538691697542     
  0.17391398073516753     
  0.17355004349889208     
  0.17327721989262904     
  0.17275777091167088     
  0.17193030799264056     
  0.17088018892497495     
  0.16982653135303957     
  0.16893393428450684     
  0.16815745979815772     
  0.16731299440394393     
  0.16656581366915951     
  0.16606734172338489     
  0.16571208637180818     
  0.16539923325051178     
  0.16511017499283029     
  0.16489942862926843     
  0.16480525512045982     
  0.16481738177253583     
  0.16489793806471378     
  0.16499127167079805     
  0.16510141965732472     
  0.16524663702887324     
  0.16544511335847747     
  0.16567154711659460     
  0.16590373438366579     
  0.16617977634196437     
  0.16648082970064995     
  0.16677589666538362     
  0.16708601982175969     
  0.16741157128973708     
  0.16768556558829256     
  0.16788282574803651     
  0.16806884470713881     
  0.16839440814678003     
  0.16890618552159953     
  0.16956978278622697     
  0.17015142302567934     
  0.17068538168682651     
  0.17136234253000682     
  0.17182009061028214     
  0.17203588881728119     
  0.17213441512635183     
  0.17214395738664276     
  0.17233489817447062     
  0.17257124441108165     
  0.17280544272665677     
  0.17315242232310990     
  0.17363766441610953     
  0.17425855211802965     
  0.17502966317351493     
  0.17602562963825311     
  0.17725028503976947     
  0.17855987935225029     
  0.17993659462300401     
  0.18147171288985295     
  0.18308626607701600     
  0.18470996083648616     
  0.18634820348550810     
  0.18799708031537760     
  0.18961132698147137     
  0.19117343761279518     
  0.19265636956966292     
  0.19405294940735798     
  0.19539876601617018     
  0.19667417098605933     
  0.19788217275013209     
  0.19899655317916601     
  0.19997647361064788     
  0.20075063174085325     
  0.20143487342342312     
  0.20208337571559873     
  0.20274254256145430     
  0.20342268513301376     
  0.20411254040565399     
  0.20481066443105250     
  0.20552287056076074     
  0.20624070024465677     
  0.20694469591178150     
  0.20764694257182437     
  0.20836600253685084     
  0.20911218448323310     
  0.20985932059668114     
  0.21055739234872980     
  0.21116448022485404     
  0.21165452942943014     
  0.21200624963843034     
  0.21216999105675616     
  0.21211289884389806     
  0.21186191228266513     
  0.21145513349957593     
  0.21086833272947053     
  0.21004744811905476     
  0.20900149778020644     
  0.20768004710080096     
  0.20605785139162633     
  0.20426073207511070     
  0.20227133672236586     
  0.20015270568966620     
  0.19822664834456266     
  0.19687370544241833     
  0.19593759905113767     
  0.19515324389732083     
  0.19480402128334071     
  0.19450355408294132     
  0.19433539842952532     
  0.19441857818248387     
  0.19492222916087526     
  0.19563926888592140     
  0.19632769563810232     
  0.19687624186842012     
  0.19721213496142306     
  0.19740015005023631     
  0.19764133896783201     
  0.19802145595722270     
  0.19843585495394286     
  0.19845217154293149     
  0.19814859257856776     
  0.19776110740642436     
  0.19757895578036150     
  0.19749828564593414     
  0.19722239766854213     
  0.19654635703319998     
  0.19570489712938494     
  0.19501449415385363     
  0.19449382121008188     
  0.19417957992757598     
  0.19393004517972581     
  0.19369079288409824     
  0.19368508001549103     
  0.19368323124722400     
  0.19280177502564294     
  0.19166013048924635     
  0.19064710628446524     
  0.18972626151557503     
  0.18883180915485998     
   0.0000000000000000     
   0.0000000000000000     
   0.0000000000000000     
   0.0000000000000000     
   0.0000000000000000     
   0.0000000000000000     
   0.0000000000000000     
   0.0000000000000000     
   0.0000000000000000     
   0.0000000000000000     
   0.0000000000000000     
   0.0000000000000000     
   0.0000000000000000     
   0.0000000000000000     
   0.0000000000000000     
   0.0000000000000000     
   0.0000000000000000     
   0.0000000000000000     
   0.0000000000000000     
   0.0000000000000000     
   0.0000000000000000     
   0.0000000000000000     
   0.0000000000000000     
   0.0000000000000000     
   0.0000000000000000     
   0.0000000000000000     
   0.0000000000000000     
   0.0000000000000000     
   0.0000000000000000     
   0.0000000000000000     
   0.0000000000000000     
   0.0000000000000000     
   0.0000000000000000     
   0.0000000000000000     
   0.0000000000000000     
   0.0000000000000000     
   0.0000000000000000     
   0.0000000000000000     
   0.0000000000000000     
   0.0000000000000000     
   0.0000000000000000     
   0.0000000000000000     
   0.0000000000000000     
   0.0000000000000000     
   0.0000000000000000     
   0.0000000000000000     
   0.0000000000000000     
   0.0000000000000000     
   0.0000000000000000     
   0.0000000000000000     
   0.0000000000000000     
   0.0000000000000000     
   0.0000000000000000     
   0.0000000000000000     
   0.0000000000000000     
   0.0000000000000000     
   0.0000000000000000     
   0.0000000000000000     
   0.0000000000000000     
   0.0000000000000000     
   0.0000000000000000     
   0.0000000000000000     
   0.0000000000000000     
   0.0000000000000000     
   0.0000000000000000     
   0.0000000000000000     
   0.0000000000000000     
   0.0000000000000000     
   0.0000000000000000     
   0.0000000000000000     
   0.0000000000000000     
   0.0000000000000000     
   0.0000000000000000     
   0.0000000000000000     
   0.0000000000000000     
   0.0000000000000000     
   0.0000000000000000     
   0.0000000000000000     
   0.0000000000000000     
   0.0000000000000000     
   0.0000000000000000     
   0.0000000000000000     
   0.0000000000000000     
   0.0000000000000000     
   0.0000000000000000     
   0.0000000000000000     
   0.0000000000000000     
   0.0000000000000000     
   0.0000000000000000     
   0.0000000000000000     
   0.0000000000000000     
   0.0000000000000000     
   0.0000000000000000     
   0.0000000000000000     
   0.0000000000000000     
   0.0000000000000000     
   0.0000000000000000     
   0.0000000000000000     
   0.0000000000000000     
   0.0000000000000000     
   0.0000000000000000     
   0.0000000000000000     
   0.0000000000000000     
   0.0000000000000000     
   0.0000000000000000     
   0.0000000000000000     
   0.0000000000000000     
   0.0000000000000000     
   0.0000000000000000     
   0.0000000000000000     
   0.0000000000000000     
   0.0000000000000000     
   0.0000000000000000     
   0.0000000000000000     
   0.0000000000000000     
   0.0000000000000000     
   0.0000000000000000     
   0.0000000000000000     
   0.0000000000000000     
   0.0000000000000000     
   0.0000000000000000     
   0.0000000000000000     
   0.0000000000000000     
   0.0000000000000000     
   0.0000000000000000     
   0.0000000000000000     
   0.0000000000000000     
   0.0000000000000000     
   0.0000000000000000     
   0.0000000000000000     
   0.0000000000000000     
   0.0000000000000000     
   0.0000000000000000     
   0.0000000000000000     
   0.0000000000000000     
   0.0000000000000000     
   0.0000000000000000     
   0.0000000000000000     
   0.0000000000000000     
   0.0000000000000000     
   0.0000000000000000     
   0.0000000000000000     
   0.0000000000000000     
   0.0000000000000000     
   0.0000000000000000     
   0.0000000000000000     
   0.0000000000000000     
   0.0000000000000000     
   0.0000000000000000     
   0.0000000000000000     
   0.0000000000000000     
   0.0000000000000000     
   0.0000000000000000     
   0.0000000000000000     
   0.0000000000000000     
   0.0000000000000000     
   0.0000000000000000     
   0.0000000000000000     
   0.0000000000000000     
   0.0000000000000000     
   0.0000000000000000     
   0.0000000000000000     
   0.0000000000000000     
   0.0000000000000000     
   0.0000000000000000     
   0.0000000000000000     
   0.0000000000000000     
   0.0000000000000000     
   0.0000000000000000     
   0.0000000000000000     
   0.0000000000000000     
   0.0000000000000000     
   0.0000000000000000     
   0.0000000000000000     
   0.0000000000000000     
   0.0000000000000000     
   0.0000000000000000     
   0.0000000000000000     
   0.0000000000000000     
   0.0000000000000000     
   0.0000000000000000     
   0.0000000000000000     
   0.0000000000000000     
   0.0000000000000000     
   0.0000000000000000     
   0.0000000000000000     
   0.0000000000000000     
   0.0000000000000000     
   0.0000000000000000     
   0.0000000000000000     
   0.0000000000000000     
   0.0000000000000000     
   0.0000000000000000     
   0.0000000000000000     
   0.0000000000000000     
   0.0000000000000000     
   0.0000000000000000     
   0.0000000000000000     
   0.0000000000000000     
   0.0000000000000000     
   0.0000000000000000     
   0.0000000000000000     
   0.0000000000000000     
   0.0000000000000000     
   0.0000000000000000     
   0.0000000000000000     
   0.0000000000000000     
   0.0000000000000000     
   0.0000000000000000     
   0.0000000000000000     
   0.0000000000000000     
   0.0000000000000000     
   0.0000000000000000     
   0.0000000000000000     
   0.0000000000000000     
   0.0000000000000000     
   0.0000000000000000     
   0.0000000000000000     
   0.0000000000000000     
   0.0000000000000000     
   0.0000000000000000     
   0.0000000000000000     
   0.0000000000000000     
   0.0000000000000000     
   0.0000000000000000     
   0.0000000000000000     
   0.0000000000000000     
   0.0000000000000000     
   0.0000000000000000     
   0.0000000000000000     
   0.0000000000000000     
   0.0000000000000000     
   0.0000000000000000     
   0.0000000000000000     
   0.0000000000000000     
   0.0000000000000000     
   0.0000000000000000     
   0.0000000000000000     
   0.0000000000000000     
   0.0000000000000000     
   0.0000000000000000     
   0.0000000000000000     
   0.0000000000000000     
   0.0000000000000000     
   0.0000000000000000     
   0.0000000000000000     
   0.0000000000000000     
   0.0000000000000000     
   0.0000000000000000     
   0.0000000000000000     
   0.0000000000000000     
   0.0000000000000000     
   0.0000000000000000     
   0.0000000000000000     
   0.0000000000000000     
   0.0000000000000000     
   0.0000000000000000     
   0.0000000000000000     
   0.0000000000000000     
   0.0000000000000000     
   0.0000000000000000     
   0.0000000000000000     
   0.0000000000000000     
   0.0000000000000000     
   0.0000000000000000     
   0.0000000000000000     
   0.0000000000000000     
   0.0000000000000000     
   0.0000000000000000     
   0.0000000000000000     
   0.0000000000000000     
   0.0000000000000000     
   0.0000000000000000     
   0.0000000000000000     
   0.0000000000000000     
   0.0000000000000000     
   0.0000000000000000     
   0.0000000000000000     
   0.0000000000000000     
   0.0000000000000000     
   0.0000000000000000     
   0.0000000000000000     
   0.0000000000000000     
   0.0000000000000000     
   0.0000000000000000     
   0.0000000000000000     
   0.0000000000000000     
   0.0000000000000000     
   0.0000000000000000     
   0.0000000000000000     
   0.0000000000000000     
   0.0000000000000000     
   0.0000000000000000     
   0.0000000000000000     
   0.0000000000000000     
   0.0000000000000000     
   0.0000000000000000     
   0.0000000000000000     
   0.0000000000000000     
   0.0000000000000000     
   0.0000000000000000     
   0.0000000000000000     
   0.0000000000000000     
   0.0000000000000000     
   0.0000000000000000     
   0.0000000000000000     
   0.0000000000000000     
   0.0000000000000000     
   0.0000000000000000     
   0.0000000000000000     
   0.0000000000000000     
   0.0000000000000000     
   0.0000000000000000     
   0.0000000000000000     
   0.0000000000000000     
   0.0000000000000000     
   0.0000000000000000     
   0.0000000000000000     
   0.0000000000000000     
   0.0000000000000000     
   0.0000000000000000     
   0.0000000000000000     
   0.0000000000000000     
   0.0000000000000000     
   0.0000000000000000     
   0.0000000000000000     
   0.0000000000000000     
   0.0000000000000000     
   0.0000000000000000     
   0.0000000000000000     
   0.0000000000000000     
   0.0000000000000000     
   0.0000000000000000     
   0.0000000000000000     
   0.0000000000000000     
   0.0000000000000000     
   0.0000000000000000     
   0.0000000000000000     
   0.0000000000000000     
   0.0000000000000000     
   0.0000000000000000     
   0.0000000000000000     
   0.0000000000000000     
   0.0000000000000000     
   0.0000000000000000     
   0.0000000000000000     
   0.0000000000000000     
   0.0000000000000000     
   0.0000000000000000     
   0.0000000000000000     
   0.0000000000000000     
   0.0000000000000000     
   0.0000000000000000     
   0.0000000000000000     
   0.0000000000000000     
   0.0000000000000000     
   0.0000000000000000     
   0.0000000000000000     
   0.0000000000000000     
   0.0000000000000000     
   0.0000000000000000     
   0.0000000000000000     
   0.0000000000000000     
   0.0000000000000000     
   0.0000000000000000     
   0.0000000000000000     
   0.0000000000000000     
   0.0000000000000000     
   0.0000000000000000     
   0.0000000000000000     
   0.0000000000000000     
   0.0000000000000000     
   0.0000000000000000     
   0.0000000000000000     
   0.0000000000000000     
   0.0000000000000000     
   0.0000000000000000     
   0.0000000000000000     
   0.0000000000000000     
   0.0000000000000000     
   0.0000000000000000     
   0.0000000000000000     
   0.0000000000000000     
   0.0000000000000000     
   0.0000000000000000     
   0.0000000000000000     
   0.0000000000000000     
   0.0000000000000000     
   0.0000000000000000     
   0.0000000000000000     
   0.0000000000000000     
   0.0000000000000000     
   0.0000000000000000     
   0.0000000000000000     
   0.0000000000000000     
   0.0000000000000000     
   0.0000000000000000     
   0.0000000000000000     
   0.0000000000000000     
   0.0000000000000000     
   0.0000000000000000     
   0.0000000000000000     
   0.0000000000000000     
   0.0000000000000000     
   0.0000000000000000     
   0.0000000000000000     
   0.0000000000000000     
   0.0000000000000000     
   0.0000000000000000     
   0.0000000000000000     
   0.0000000000000000     
   0.0000000000000000     
   0.0000000000000000     
   0.0000000000000000     
   0.0000000000000000     
   0.0000000000000000     
   0.0000000000000000     
   0.0000000000000000     
   0.0000000000000000     
   0.0000000000000000     
   0.0000000000000000     
   0.0000000000000000     
   0.0000000000000000     
   0.0000000000000000     
   0.0000000000000000     
   0.0000000000000000     
   0.0000000000000000     
   0.0000000000000000     
   0.0000000000000000     
   0.0000000000000000     
   0.0000000000000000     
   0.0000000000000000     
   0.0000000000000000     
   0.0000000000000000     
   0.0000000000000000     
   0.0000000000000000     
   0.0000000000000000     
   0.0000000000000000     
   0.0000000000000000     
   0.0000000000000000     
   0.0000000000000000     
   0.0000000000000000     
   0.0000000000000000     
   0.0000000000000000     
   0.0000000000000000     
   0.0000000000000000     
   0.0000000000000000     
   0.0000000000000000     
   0.0000000000000000     
   0.0000000000000000     
   0.0000000000000000     
   0.0000000000000000     
   0.0000000000000000     
   0.0000000000000000     
   0.0000000000000000     
   0.0000000000000000     
   0.0000000000000000     
   0.0000000000000000     
   0.0000000000000000     
   0.0000000000000000     
   0.0000000000000000     
   0.0000000000000000     
   0.0000000000000000     
   0.0000000000000000     
   0.0000000000000000     
   0.0000000000000000     
   0.0000000000000000     
   0.0000000000000000     
   0.0000000000000000     
   0.0000000000000000     
   0.0000000000000000     
   0.0000000000000000     
   0.0000000000000000     
   0.0000000000000000     
   0.0000000000000000     
   0.0000000000000000     
   0.0000000000000000     
   0.0000000000000000     
   0.0000000000000000     
   0.0000000000000000     
   0.0000000000000000     
   0.0000000000000000     
   0.0000000000000000     
   0.0000000000000000     
   0.0000000000000000     
   0.0000000000000000     
   0.0000000000000000     
   0.0000000000000000     
   0.0000000000000000     
   0.0000000000000000     
   0.0000000000000000     
   0.0000000000000000     
   0.0000000000000000     
   0.0000000000000000     
   0.0000000000000000     
   0.0000000000000000     
   0.0000000000000000     
   0.0000000000000000     
   0.0000000000000000     
   0.0000000000000000     
   0.0000000000000000     
   0.0000000000000000     
   0.0000000000000000     
   0.0000000000000000     
   0.0000000000000000     
   0.0000000000000000     
   0.0000000000000000     
   0.0000000000000000     
   0.0000000000000000     
   0.0000000000000000     
   0.0000000000000000     
   0.0000000000000000     
   0.0000000000000000     
   0.0000000000000000     
   0.0000000000000000     
   0.0000000000000000     
   0.0000000000000000     
   0.0000000000000000     
   0.0000000000000000     
   0.0000000000000000     
   0.0000000000000000     
   0.0000000000000000     
   0.0000000000000000     
   0.0000000000000000     
   0.0000000000000000     
   0.0000000000000000     
   0.0000000000000000     
   0.0000000000000000     
   0.0000000000000000     
   0.0000000000000000     
   0.0000000000000000     
   0.0000000000000000     
   0.0000000000000000     
   0.0000000000000000     
   0.0000000000000000     
   0.0000000000000000     
   0.0000000000000000     
   0.0000000000000000     
   0.0000000000000000     
   0.0000000000000000     
   0.0000000000000000     
   0.0000000000000000     
   0.0000000000000000     
   0.0000000000000000     
   0.0000000000000000     
   0.0000000000000000     
   0.0000000000000000     
   0.0000000000000000     
   0.0000000000000000     
   0.0000000000000000     
   0.0000000000000000     
   0.0000000000000000     
   0.0000000000000000     
   0.0000000000000000     
   0.0000000000000000     
   0.0000000000000000     
   0.0000000000000000     
   0.0000000000000000     
   0.0000000000000000     
   0.0000000000000000     
   0.0000000000000000     
   0.0000000000000000     
   0.0000000000000000     
   0.0000000000000000     
   0.0000000000000000     
   0.0000000000000000     
   0.0000000000000000     
   0.0000000000000000     
   0.0000000000000000     
   0.0000000000000000     
   0.0000000000000000     
   0.0000000000000000     
   0.0000000000000000     
   0.0000000000000000     
   0.0000000000000000     
   0.0000000000000000     
   0.0000000000000000     
   0.0000000000000000     
   0.0000000000000000     
   0.0000000000000000     
   0.0000000000000000     
   0.0000000000000000     
   0.0000000000000000     
   0.0000000000000000     
   0.0000000000000000     
   0.0000000000000000     
   0.0000000000000000     
   0.0000000000000000     
   0.0000000000000000     
   0.0000000000000000     
   0.0000000000000000     
   0.0000000000000000     
   0.0000000000000000     
   0.0000000000000000     
   0.0000000000000000     
   0.0000000000000000     
   0.0000000000000000     
   0.0000000000000000     
   0.0000000000000000     
   0.0000000000000000     
   0.0000000000000000     
   0.0000000000000000     
   0.0000000000000000     
   0.0000000000000000     
   0.0000000000000000     
   0.0000000000000000     
   0.0000000000000000     
   0.0000000000000000     
   0.0000000000000000     
   0.0000000000000000     
   0.0000000000000000     
   0.0000000000000000     
   0.0000000000000000     
   0.0000000000000000     
   0.0000000000000000     
   0.0000000000000000     
   0.0000000000000000     
   0.0000000000000000     
   0.0000000000000000     
   0.0000000000000000     
   0.0000000000000000     
   0.0000000000000000     
   0.0000000000000000     
   0.0000000000000000     
   0.0000000000000000     
   0.0000000000000000     
   0.0000000000000000     
   0.0000000000000000     
   0.0000000000000000     
   0.0000000000000000     
   0.0000000000000000     
   0.0000000000000000     
   0.0000000000000000     
   0.0000000000000000     
   0.0000000000000000     
   0.0000000000000000     
   0.0000000000000000     
   0.0000000000000000     
   0.0000000000000000     
   0.0000000000000000     
   0.0000000000000000     
   0.0000000000000000     
   0.0000000000000000     
   0.0000000000000000     
   0.0000000000000000     
   0.0000000000000000     
   0.0000000000000000     
   0.0000000000000000     
   0.0000000000000000     
   0.0000000000000000     
   0.0000000000000000     
   0.0000000000000000     
   0.0000000000000000     
   0.0000000000000000     
   0.0000000000000000     
   0.0000000000000000     
   0.0000000000000000     
   0.0000000000000000     
   0.0000000000000000     
   0.0000000000000000     
   0.0000000000000000     
   0.0000000000000000     
   0.0000000000000000     
   0.0000000000000000     
   0.0000000000000000     
   0.0000000000000000     
   0.0000000000000000     
   0.0000000000000000     
   0.0000000000000000     
   0.0000000000000000     
   0.0000000000000000     
   0.0000000000000000     
   0.0000000000000000     
   0.0000000000000000     
   0.0000000000000000     
   0.0000000000000000     
   0.0000000000000000     
   0.0000000000000000     
   0.0000000000000000     
   0.0000000000000000     
   0.0000000000000000     
   0.0000000000000000     
   0.0000000000000000     
   0.0000000000000000     
   0.0000000000000000     
   0.0000000000000000     
   0.0000000000000000     
   0.0000000000000000     
   0.0000000000000000     
   0.0000000000000000     
   0.0000000000000000     
   0.0000000000000000     
   0.0000000000000000     
   0.0000000000000000     
   0.0000000000000000     
   0.0000000000000000     
   0.0000000000000000     
   0.0000000000000000     
   0.0000000000000000     
   0.0000000000000000     
   0.0000000000000000     
   0.0000000000000000     
   0.0000000000000000     
   0.0000000000000000     
   0.0000000000000000     
   0.0000000000000000     
   0.0000000000000000     
   0.0000000000000000     
   0.0000000000000000     
   0.0000000000000000     
   0.0000000000000000     
   0.0000000000000000     
   0.0000000000000000     
   0.0000000000000000     
   0.0000000000000000     
   0.0000000000000000     
   0.0000000000000000     
   0.0000000000000000     
   0.0000000000000000     
   0.0000000000000000     
   0.0000000000000000     
   0.0000000000000000     
   0.0000000000000000     
   0.0000000000000000     
   0.0000000000000000     
   0.0000000000000000     
   0.0000000000000000     
   0.0000000000000000     
   0.0000000000000000     
   0.0000000000000000     
   0.0000000000000000     
   0.0000000000000000     
   0.0000000000000000     
   0.0000000000000000     
   0.0000000000000000     
   0.0000000000000000     
   0.0000000000000000     
   0.0000000000000000     
   0.0000000000000000     
   0.0000000000000000     
   0.0000000000000000     
   0.0000000000000000     
   0.0000000000000000     
   0.0000000000000000     
   0.0000000000000000     
   0.0000000000000000     
   0.0000000000000000     
   0.0000000000000000     
   0.0000000000000000     
   0.0000000000000000     
   0.0000000000000000     
   0.0000000000000000     
   0.0000000000000000     
   0.0000000000000000     
   0.0000000000000000     
   0.0000000000000000     
   0.0000000000000000     
   0.0000000000000000     
   0.0000000000000000     
   0.0000000000000000     
   0.0000000000000000     
   0.0000000000000000     
   0.0000000000000000     
   0.0000000000000000     
   0.0000000000000000     
   0.0000000000000000     
   0.0000000000000000     
   0.0000000000000000     
   0.0000000000000000     
   0.0000000000000000     
   0.0000000000000000     
   0.0000000000000000     
   0.0000000000000000     
   0.0000000000000000     
   0.0000000000000000     
   0.0000000000000000     
   0.0000000000000000     
   0.0000000000000000     
   0.0000000000000000     
   0.0000000000000000     
   0.0000000000000000     
   0.0000000000000000     
   0.0000000000000000     
   0.0000000000000000     
   0.0000000000000000     
   0.0000000000000000     
   0.0000000000000000     
   0.0000000000000000     
   0.0000000000000000     
   0.0000000000000000     
   0.0000000000000000     
   0.0000000000000000     
   0.0000000000000000     
   0.0000000000000000     
   0.0000000000000000     
   0.0000000000000000     
   0.0000000000000000     
   0.0000000000000000     
   0.0000000000000000     
   0.0000000000000000     
   0.0000000000000000     
   0.0000000000000000     
   0.0000000000000000     
   0.0000000000000000     
   0.0000000000000000     
   0.0000000000000000     
   0.0000000000000000     
   0.0000000000000000     
   0.0000000000000000     
   0.0000000000000000     
   0.0000000000000000     
   0.0000000000000000     
   0.0000000000000000     
   0.0000000000000000     
   0.0000000000000000     
   0.0000000000000000     
   0.0000000000000000     
   0.0000000000000000     
   0.0000000000000000     
   0.0000000000000000     
   0.0000000000000000     
   0.0000000000000000     
   0.0000000000000000     
   0.0000000000000000     
   0.0000000000000000     
   0.0000000000000000     
   0.0000000000000000     
   0.0000000000000000     
   0.0000000000000000     
   0.0000000000000000     
   0.0000000000000000     
   0.0000000000000000     
   0.0000000000000000     
   0.0000000000000000     
   0.0000000000000000     
   0.0000000000000000     
   0.0000000000000000     
   0.0000000000000000     
   0.0000000000000000     
   0.0000000000000000     
   0.0000000000000000     
   0.0000000000000000     
   0.0000000000000000     
   0.0000000000000000     
   0.0000000000000000     
   0.0000000000000000     
   0.0000000000000000     
   0.0000000000000000     
   0.0000000000000000     
   0.0000000000000000     
   0.0000000000000000     
   0.0000000000000000     
   0.0000000000000000     
   0.0000000000000000     
   0.0000000000000000     
   0.0000000000000000     
   0.0000000000000000     
   0.0000000000000000     
   0.0000000000000000     
   0.0000000000000000     
   0.0000000000000000     
   0.0000000000000000     
   0.0000000000000000     
   0.0000000000000000     
   0.0000000000000000     
   0.0000000000000000     
   0.0000000000000000     
   0.0000000000000000     
   0.0000000000000000     
   0.0000000000000000     
   0.0000000000000000     
   0.0000000000000000     
   0.0000000000000000     
   0.0000000000000000     
   0.0000000000000000     
   0.0000000000000000     
   0.0000000000000000     
   0.0000000000000000     
   0.0000000000000000     
   0.0000000000000000     
   0.0000000000000000     
   0.0000000000000000     
   0.0000000000000000     
   0.0000000000000000     
   0.0000000000000000     
   0.0000000000000000     
   0.0000000000000000     
   0.0000000000000000     
   0.0000000000000000     
   0.0000000000000000     
   0.0000000000000000     
   0.0000000000000000     
   0.0000000000000000     
   0.0000000000000000     
   0.0000000000000000     
   0.0000000000000000     
   0.0000000000000000     
   0.0000000000000000     
   0.0000000000000000     
   0.0000000000000000     
   0.0000000000000000     
   0.0000000000000000     
   0.0000000000000000     
   0.0000000000000000     
   0.0000000000000000     
   0.0000000000000000     
   0.0000000000000000     
   0.0000000000000000     
   0.0000000000000000     
   0.0000000000000000     
   0.0000000000000000     
   0.0000000000000000     
   0.0000000000000000     
   0.0000000000000000     
   0.0000000000000000     
   0.0000000000000000     
   0.0000000000000000     
   0.0000000000000000     
   0.0000000000000000     
   0.0000000000000000     
   0.0000000000000000     
   0.0000000000000000     
   0.0000000000000000     
   0.0000000000000000     
   0.0000000000000000     
   0.0000000000000000     
   0.0000000000000000     
   0.0000000000000000     
   0.0000000000000000     
   0.0000000000000000     
   0.0000000000000000     
   0.0000000000000000     
   0.0000000000000000     
   0.0000000000000000     
   0.0000000000000000     
   0.0000000000000000     
   0.0000000000000000     
   0.0000000000000000     
   0.0000000000000000     
   0.0000000000000000     
   0.0000000000000000     
   0.0000000000000000     
   0.0000000000000000     
   0.0000000000000000     
   0.0000000000000000     
   0.0000000000000000     
   0.0000000000000000     
   0.0000000000000000     
   0.0000000000000000     
   0.0000000000000000     
   0.0000000000000000     
   0.0000000000000000     
   0.0000000000000000     
   0.0000000000000000     
   0.0000000000000000     
   0.0000000000000000     
   0.0000000000000000     
   0.0000000000000000     
   0.0000000000000000     
   0.0000000000000000     
   0.0000000000000000     
   0.0000000000000000     
   0.0000000000000000     
   0.0000000000000000     
   0.0000000000000000     
   0.0000000000000000     
   0.0000000000000000     
   0.0000000000000000     
   0.0000000000000000     
   0.0000000000000000     
   0.0000000000000000     
   0.0000000000000000     
   0.0000000000000000     
   0.0000000000000000     
   0.0000000000000000     
   0.0000000000000000     
   0.0000000000000000     
   0.0000000000000000     
   0.0000000000000000     
   0.0000000000000000     
   0.0000000000000000     
   0.0000000000000000     
   0.0000000000000000     
   0.0000000000000000     
   0.0000000000000000     
   0.0000000000000000     
   0.0000000000000000     
   0.0000000000000000     
   0.0000000000000000     
   0.0000000000000000     
   0.0000000000000000     
   0.0000000000000000     
   0.0000000000000000     
   0.0000000000000000     
   0.0000000000000000     
   0.0000000000000000     
   0.0000000000000000     
   0.0000000000000000     
   0.0000000000000000     
   0.0000000000000000     
   0.0000000000000000     
   0.0000000000000000     
   0.0000000000000000     
   0.0000000000000000     
   0.0000000000000000     
   0.0000000000000000     
   0.0000000000000000     
   0.0000000000000000     
   0.0000000000000000     
   0.0000000000000000     
   0.0000000000000000     
   0.0000000000000000     
   0.0000000000000000     
   0.0000000000000000     
   0.0000000000000000     
   0.0000000000000000     
   0.0000000000000000     
   0.0000000000000000     
   0.0000000000000000     
   0.0000000000000000     
   0.0000000000000000     
   0.0000000000000000     
   0.0000000000000000     
   0.0000000000000000     
