   2.5209189547336214E-002
   8.8679430932172877E-003
   7.7960458111475959E-003
   1.0321769260158578E-002
   1.3740373119250356E-002
   1.3609647655850968E-002
   1.2309805730682832E-002
   1.1602251909747979E-002
   1.1770288436531882E-002
   1.2987413370691960E-002
   1.4935216868867278E-002
   1.7006430113963401E-002
   1.7568990126831989E-002
   1.5513493448070050E-002
   1.3643388268700513E-002
   1.2381539134520531E-002
   1.1596767571738774E-002
   1.1280398780480620E-002
   1.1594911368576681E-002
   1.1917203748490915E-002
   1.0177138020643335E-002
   9.8229936474722463E-003
   9.4239401666252193E-003
   8.8069596728625483E-003
   8.2458236278110195E-003
   8.2485351385922865E-003
   8.2011072044638460E-003
   8.1376193805259185E-003
   8.1298449593168176E-003
   8.1250944474681609E-003
   8.1025628741525028E-003
   8.0851236363413004E-003
   8.0674786450493190E-003
   8.0902369406826782E-003
   8.1327330457017927E-003
   8.1624521132847867E-003
   8.1830000556720808E-003
   8.1728849902387730E-003
   8.1467008504772544E-003
   8.1281141298373705E-003
   8.1252742953539809E-003
   8.1227737459630481E-003
   8.1544803619316968E-003
   8.1999678177705690E-003
   8.2457764477117720E-003
   8.2812301315280112E-003
   8.2892726243545163E-003
   8.3106453106096424E-003
   8.3451701300443545E-003
   8.3756995370387020E-003
   8.3927824070326867E-003
   8.3939995037057447E-003
   8.3874950292198817E-003
   8.3691598224141725E-003
   8.3403896528314869E-003
   8.3142043452853580E-003
   8.2778517939520509E-003
   8.2232362660219563E-003
   8.1555804377625579E-003
   8.0746639948636387E-003
   7.9857223223347689E-003
   7.8936118891123359E-003
   7.7972392604377539E-003
   7.7034118183140540E-003
   7.6114903841210408E-003
   7.5104624937264632E-003
   7.3999727874116024E-003
   7.2756252560125115E-003
   7.1189731928187876E-003
   6.9065539294473847E-003
   6.6476166188209843E-003
   6.3833722717461161E-003
   6.1661012605841109E-003
   6.0287403442616959E-003
   5.9530150214118756E-003
   5.9094287776503430E-003
   5.8803589679489142E-003
   5.8483549119313118E-003
   5.8064421128456011E-003
   5.7514345928665949E-003
   5.6808586673723020E-003
   5.5997917751367801E-003
   5.5144756529768735E-003
   5.4299589392242725E-003
   5.3456535645753063E-003
   5.2638833844595766E-003
   5.2076700325753367E-003
   5.1827145829306739E-003
   5.1884706438136436E-003
   5.2086389262413135E-003
   5.2349617016107042E-003
   5.2565739118573323E-003
   5.2812390219929041E-003
   5.3245169357073029E-003
   5.3904027591746848E-003
   5.4706714464801643E-003
   5.5603756574525180E-003
   5.6435800536693368E-003
   5.7181568014501565E-003
   5.7781902742610270E-003
   5.8177645199030525E-003
   5.8530116166127149E-003
   5.8999199497557922E-003
   5.9812566907218468E-003
   6.0517765251895143E-003
   5.9789341363351125E-003
   5.9900402392693598E-003
   5.9998342314228122E-003
   6.0461155281191625E-003
   6.0900467970559881E-003
   6.1274434450717709E-003
   6.1658967060379353E-003
   6.1926676015042603E-003
   6.1999126748521378E-003
   6.2043491730705124E-003
   6.1900711015254019E-003
   6.1395549122563965E-003
   6.0368579528035319E-003
   5.8801565258543810E-003
   5.6612907679459284E-003
   5.3810614929440575E-003
   5.0565888224490835E-003
   4.7175327806283232E-003
   4.4008182234579474E-003
   4.1348505758871763E-003
   3.9409840242563268E-003
   3.8223110097608637E-003
   3.7722053210348964E-003
   3.7725471079389605E-003
   3.8013939991809729E-003
   3.8436532586909040E-003
   3.9026187916865324E-003
   4.0169624797357717E-003
   4.0321749935504211E-003
   4.0846758707308159E-003
   4.0311656770915319E-003
   4.0243935638578244E-003
   4.0175910507064469E-003
   4.0035052568739571E-003
   3.9889921756931079E-003
   3.9739052860656675E-003
   3.9663838250416110E-003
   3.9610251875502305E-003
   3.9548978673998461E-003
   3.9388140514731614E-003
   3.9189281957673367E-003
   3.9059562531005149E-003
   3.8891857373182731E-003
   3.8759892212569410E-003
   3.8565164523549677E-003
   3.8308740410350661E-003
   3.8183526258100588E-003
   3.8200658860398896E-003
   3.8257430873930493E-003
   3.8268813243002484E-003
   3.8185993149456492E-003
   3.8056687125189287E-003
   3.7954793203512651E-003
   3.7941469763236096E-003
   3.7949702593643685E-003
   3.7957992361901272E-003
   3.7844850081433174E-003
   3.7968008010221643E-003
   3.8034877963675430E-003
   3.8004414821168129E-003
   3.7917160714003354E-003
   3.7798376270947779E-003
   3.7698949288243952E-003
   3.7763078362737729E-003
   3.7918079857168171E-003
   3.8064217608171900E-003
   3.8115524839874740E-003
   3.8125773075974702E-003
   3.8184289241656169E-003
   3.8297912047052540E-003
   3.8564718132463424E-003
   3.8869038606448706E-003
   3.9106439731772455E-003
   3.9281711256877079E-003
   3.9580651092572076E-003
   4.1658167594387837E-003
   4.0088459802435552E-003
   3.8733113090702845E-003
   3.7799173149168776E-003
   3.7129218590762707E-003
   3.6667755379538639E-003
   3.6240598521375808E-003
   3.4774844323710798E-003
   3.4761186495128465E-003
   3.4786389108667488E-003
   3.4831567857667891E-003
   3.4867195235117015E-003
   3.4871114206568282E-003
   3.4866859818982014E-003
   3.4822018464455724E-003
   3.4706855444346031E-003
   3.4598703936832226E-003
   3.4547426121698116E-003
   3.4527397220430016E-003
   3.4620616030872483E-003
   3.5341182761525871E-003
   3.4699645329462825E-003
   3.3761456481780010E-003
   3.3242117337189303E-003
   3.2929262701989512E-003
   3.2667445785458751E-003
   3.2403076051679088E-003
   3.2092158074921583E-003
   3.1683894949735471E-003
   3.1288508299126849E-003
   3.0924930584811279E-003
   3.0598587576025006E-003
   3.0308407172792047E-003
   3.0059745029815997E-003
   2.9829058479391660E-003
   2.9596840339297229E-003
   2.9329164841456392E-003
   2.9015508848658921E-003
   2.8693958976211231E-003
   2.8363381407695222E-003
   2.8015310334766367E-003
   2.7693604191730958E-003
   2.7439551442697916E-003
   2.7244304080005118E-003
   2.7073288620082254E-003
   2.6909734701444791E-003
   2.6765284098560996E-003
   2.6628673420218507E-003
   2.6497269484964067E-003
   2.6377332766541958E-003
   2.6263962211479229E-003
   2.6163034715786571E-003
   2.6065213811837201E-003
   2.5973682288678739E-003
   2.5903202922175658E-003
   2.5874586283235025E-003
   2.5884478325014820E-003
   2.5920812009158556E-003
   2.5999995386156837E-003
   2.6148465125249839E-003
   2.6454460130075942E-003
   2.7004132144278900E-003
   2.6951251378566654E-003
   2.7083328014955951E-003
   2.7332393852728771E-003
   2.7650055912380135E-003
   2.7991233298713322E-003
   2.8321075124972199E-003
   2.8617975381521267E-003
   2.8893637724543785E-003
   2.9183446110007615E-003
   2.9527554995656098E-003
   2.9948807469256183E-003
   3.0393566077813522E-003
   3.0825757943906225E-003
   3.1212461721358818E-003
   3.1492272358441247E-003
   3.1707543628349726E-003
   3.1868209343442104E-003
   3.2021448255679396E-003
   3.2252322563493083E-003
   3.2519919620673621E-003
   3.2551280497104098E-003
   3.2625745968122661E-003
   3.2641555659021159E-003
   3.2595763955779030E-003
   3.2392119041738752E-003
   3.1922765058683086E-003
   3.1734460356187873E-003
   3.1635957574711600E-003
   3.1577732909098028E-003
   3.1517961022130957E-003
   3.1421003258940597E-003
   3.1271376120472886E-003
   3.1068591169848554E-003
   3.0810154124980651E-003
   3.0543207266631517E-003
   3.0313198452440343E-003
   3.0135501000210182E-003
   3.0008995846244313E-003
   2.9903433331166089E-003
   2.9789478337318670E-003
   2.9743756722661525E-003
   2.9714181802646096E-003
   2.9683703746323253E-003
   2.9712501413342546E-003
   2.9875436163606097E-003
   3.0253760276702990E-003
   3.0422099199669543E-003
   3.0575116791854411E-003
   3.0732918196577723E-003
   3.0888744548907112E-003
   3.1031229023217176E-003
   3.1153750933837748E-003
   3.1288804974649595E-003
   3.1436292919434696E-003
   3.1616076356080175E-003
   3.1816876358808852E-003
   3.2006620960005178E-003
   3.2052594116927110E-003
   3.2477230242521291E-003
   3.1954025592026924E-003
   3.1789756297813448E-003
   3.1692017532097359E-003
   3.1668683189007307E-003
   3.1683225240882059E-003
   3.1656966826865466E-003
   3.1625392552925391E-003
   3.1624078114301096E-003
   3.1629530486722308E-003
   3.1632754079759964E-003
   3.1615411583888224E-003
   3.1612224377415986E-003
   3.1605060391464664E-003
   3.1627075128230816E-003
   3.1673615721498805E-003
   3.1713377473048319E-003
   3.1743179899933558E-003
   3.1778592438415289E-003
   3.1819206024684913E-003
   3.1864638929669314E-003
   3.1912645454973609E-003
   3.1916334366960614E-003
   3.1907964973060974E-003
   3.1918287805107214E-003
   3.1935090857267328E-003
   3.1985682794801696E-003
   3.2048911399828518E-003
   3.2054911347075676E-003
   3.2038952005790625E-003
   3.2188945490749027E-003
   3.2789814240435818E-003
   3.2537444766097133E-003
   3.2170021926922524E-003
   3.1975200076289909E-003
   3.1821448031338004E-003
   3.1621267584672390E-003
   3.1406928870400413E-003
   3.1155152398923249E-003
   3.0959431836149807E-003
   3.0811923413296845E-003
   3.0684078776014576E-003
   3.0599344990214342E-003
   3.0519755979431362E-003
   3.0375209957985254E-003
   3.0227775789906730E-003
   3.0160890468428916E-003
   3.0118310136939804E-003
   3.0047934985994516E-003
   2.9916778608559632E-003
   2.9749940258101200E-003
   2.9546500004091689E-003
   2.9305001534156998E-003
   2.9100947715090717E-003
   2.9003903695351079E-003
   2.9007822318683689E-003
   2.9047549893263238E-003
   2.9062398745449301E-003
   2.9021083481556398E-003
   2.8726284058893593E-003
   2.8652490879407157E-003
   2.8621240169777007E-003
   2.8630622616858696E-003
   2.8688472816572447E-003
   2.8745871965433086E-003
   2.8809644459981787E-003
   2.8889004897607738E-003
   2.8988386151387177E-003
   2.9249708782029624E-003
   2.9401941659626227E-003
   2.9005145906058805E-003
   2.8879413771601145E-003
   2.8813701273338569E-003
   2.8763010139898418E-003
   2.8750461600255766E-003
   2.8741674844251796E-003
   2.8692987368868572E-003
   2.8599559719895860E-003
   2.8496007112596825E-003
   2.8399706739156419E-003
   2.8331047851658186E-003
   2.8295462196455826E-003
   2.8396619055471861E-003
   2.8844402121599101E-003
   2.8386428183044712E-003
   2.8095717187043164E-003
   2.7834279043027783E-003
   2.7582338778053693E-003
   2.7421455810308893E-003
   2.7557219113220864E-003
   2.7836450715298484E-003
   2.7352807927235722E-003
   2.7213276370043910E-003
   2.7236641030119386E-003
   2.7191158145858994E-003
   2.7340082259410385E-003
   2.7524147855858458E-003
   2.7782843415616082E-003
   2.8060556566420294E-003
   2.8320194195144009E-003
   2.8564255853444974E-003
   2.8815183993220832E-003
   2.9085878412911537E-003
   2.9377570503371048E-003
   2.9686160043785785E-003
   2.9997333585663390E-003
   3.0292200795752500E-003
   3.0525021915148985E-003
   3.0683655244144246E-003
   3.0815641945762884E-003
   3.0980985159921107E-003
   3.1218755141997575E-003
   3.1681184629603430E-003
   3.2559057625825547E-003
   3.2081254573613966E-003
   3.1738640465261187E-003
   3.1558133270650521E-003
   3.1405126278010167E-003
   3.1223209082477314E-003
   3.1017382044867745E-003
   3.0828805849670298E-003
   3.0620197072522646E-003
   3.0431568827923410E-003
   3.0252771208805897E-003
   3.0058667469162934E-003
   2.9866689367921456E-003
   2.9703268084821308E-003
   2.9506784614799909E-003
   2.9272349080974383E-003
   2.9069751949172321E-003
   2.8919679279495211E-003
   2.8804889009384450E-003
   2.8724857476444487E-003
   2.8669946432284240E-003
   2.8621848176034813E-003
   2.8561701759332184E-003
   2.8501367125858849E-003
   2.8457061907845951E-003
   2.8455242291323428E-003
   2.8505561826093688E-003
   2.8590252098244658E-003
   2.8677969515882944E-003
   2.8761342477400427E-003
   2.8887359752435404E-003
   2.9022142670593128E-003
   2.9051839622086999E-003
   2.9020374547092560E-003
   2.9068352457074153E-003
   2.9093719368537417E-003
   2.9104679296660316E-003
   2.9101818089504999E-003
   2.9069323079113783E-003
   2.9055008615933207E-003
   2.9068614898861808E-003
   2.9099649670613344E-003
   2.9094528452146169E-003
   2.9044389394960687E-003
   2.8958678068694518E-003
   2.8876802965766410E-003
   2.8827123262822147E-003
   2.8851792689167308E-003
   2.8919253867990477E-003
   2.8985263359233970E-003
   2.9063391162184042E-003
   2.9173577336381990E-003
   2.9471874827037827E-003
   2.9198761981422050E-003
   2.9003722593722620E-003
   2.8893617313855788E-003
   2.8853481807476094E-003
   2.8825347612766472E-003
   2.8829644635406746E-003
   2.8940808969802308E-003
   2.8950687709252488E-003
   2.8914632681158281E-003
   2.8872082756703078E-003
   2.8795025054022452E-003
   2.8750196230066063E-003
   2.8739557346929697E-003
   2.8734230561190338E-003
   2.8774748067365418E-003
   2.8833709474339248E-003
   2.8879836526102946E-003
   2.8890250179576917E-003
   2.8869151824622899E-003
   2.8903360948076468E-003
   2.9243614438939120E-003
   2.9401201269930294E-003
   2.8824405388455368E-003
   2.8657335837718209E-003
   2.8585636966310208E-003
   2.8566728313195303E-003
   2.8594280518060124E-003
   2.8616996739363205E-003
   2.8707854154153981E-003
   2.9172492327405545E-003
   2.9729219894840371E-003
   2.9094190046080499E-003
   2.8825701127371396E-003
   2.8580619024150444E-003
   2.8495273601991888E-003
   2.8451731400490972E-003
   2.8449978529788743E-003
   2.8484892004558178E-003
   2.8534366518596435E-003
   2.8537053403693410E-003
   2.8510561427674340E-003
   2.8457568671224512E-003
   2.8398782316496735E-003
   2.8346653758142236E-003
   2.8252286798593779E-003
   2.8186488290304840E-003
   2.8104334454248543E-003
   2.8015122516961712E-003
   2.7985815223426566E-003
   2.8012125535081117E-003
   2.8059762829251017E-003
   2.8055941823574844E-003
   2.7961022965982858E-003
   2.7884710665036119E-003
   2.7890119034695475E-003
   2.7927748762169766E-003
   2.7977990280291408E-003
   2.8050458658401031E-003
   2.8117929840725691E-003
   2.8113950671887111E-003
   2.8071650829590506E-003
   2.8049721737599558E-003
   2.8097219182447414E-003
   2.7931501027083326E-003
   2.7968939107335116E-003
   2.8006994490264924E-003
   2.8052665413236932E-003
   2.8091324386961608E-003
   2.8106113049569258E-003
   2.8099608845496026E-003
   2.8074986631843142E-003
   2.8036841129058347E-003
   2.7997150357695331E-003
   2.8000254647978159E-003
   2.8040768276008481E-003
   2.8070447919669745E-003
   2.8060204514213623E-003
   2.8008799592576031E-003
   2.7931849970902595E-003
   2.7858474061938218E-003
   2.7824865234321611E-003
   2.7840695086153635E-003
   2.7889742776147147E-003
   2.7944800782485350E-003
   2.8028756068841482E-003
   2.8153295842705136E-003
   2.8304529649110584E-003
   2.8497179542907448E-003
   2.9032734636783935E-003
   2.9389366092628668E-003
   2.8730961756327812E-003
   2.8431030069703297E-003
   2.8211450764930204E-003
   2.8152682689992943E-003
   2.8563924256471739E-003
   2.7971283548597734E-003
   2.7359490417097360E-003
   2.7078813632198709E-003
   2.6859375428567502E-003
   2.6710507282444850E-003
   2.6605085233541489E-003
   2.6479543966635233E-003
   2.6392954337703992E-003
   2.6367898954277763E-003
   2.6400974207366197E-003
   2.6467076530069110E-003
   2.6557694703614179E-003
   2.6647951866572584E-003
   2.6709750933150631E-003
   2.6760664332953592E-003
   2.6833319794371605E-003
   2.6949961106798514E-003
   2.7108972754979377E-003
   2.7272437865736802E-003
   2.7397098522648775E-003
   2.7518456952429840E-003
   2.7656555606983295E-003
   2.7776310748538159E-003
   2.7841911500721267E-003
   2.7908371807343910E-003
   2.8030841558013835E-003
   2.8237324866548603E-003
   2.8793075450381693E-003
   2.9521996259152892E-003
   2.9065460346288925E-003
   2.8956147779775677E-003
   2.8830198438102453E-003
   2.8831866344762613E-003
   2.8861929409055511E-003
   2.8929853369798245E-003
   2.9054451926427529E-003
   2.9249832220789255E-003
   2.9463818361422194E-003
   2.9653633304986310E-003
   2.9746257422136341E-003
   2.9918673628493448E-003
   3.0147122821458602E-003
   3.0359032497202028E-003
   3.0530675452219110E-003
   3.0648064659866232E-003
   3.0705088989253868E-003
   3.0800694024163736E-003
   3.0910755314386600E-003
   3.0975168557841933E-003
   3.0984899750329362E-003
   3.0967998343553508E-003
   3.0975630643699683E-003
   3.0955144349881676E-003
   3.0837297062826204E-003
   3.0628652347693924E-003
   3.0388682207780592E-003
   3.0227858924717324E-003
   3.0088378585812017E-003
   2.9989817466938655E-003
   2.9894743351522911E-003
   2.9770131233305317E-003
   2.9582869690269169E-003
   2.9304998962415853E-003
   2.9010775635052717E-003
   2.8727934785238197E-003
   2.8452911508492951E-003
   2.8242188582294912E-003
   2.8068941356953953E-003
   2.7892316183934229E-003
   2.7697607721601388E-003
   2.7506635546556439E-003
   2.7333796006817550E-003
   2.7177430909451914E-003
   2.7022701744992420E-003
   2.6895798665159286E-003
   2.6802985109394494E-003
   2.6748522317581801E-003
   2.6734037807885106E-003
   2.6721042360911156E-003
   2.6696758718042462E-003
   2.6703651476184223E-003
   2.6815887897402527E-003
   2.6847831785857335E-003
   2.6848547256491991E-003
   2.6916892242856943E-003
   2.7004697399919011E-003
   2.7089474347886306E-003
   2.7158490652643944E-003
   2.7261705009312262E-003
   2.7532627384586096E-003
   2.8437690280252452E-003
   2.8156532408235555E-003
   2.7323946429021152E-003
   2.6996094835899649E-003
   2.6794937010164010E-003
   2.6736388540274277E-003
   2.6694903901888318E-003
   2.6675785077993732E-003
   2.6680136546419152E-003
   2.6668317799605741E-003
   2.6632205521206109E-003
   2.6662523795048863E-003
   2.6727314635631395E-003
   2.6789919492631467E-003
   2.6820211957213663E-003
   2.6830368462564254E-003
   2.6855973392285880E-003
   2.6923389651964799E-003
   2.6986795005569117E-003
   2.7041346241273249E-003
   2.7099256421656199E-003
   2.7107917456148625E-003
   2.7133808478864308E-003
   2.7205468138606901E-003
   2.7310396307206109E-003
   2.7553704334546841E-003
   2.8097433786763723E-003
   2.8285821940061320E-003
   2.8662346280460701E-003
   2.7878945704251745E-003
   2.7469592904187127E-003
   2.7221227118677076E-003
   2.7062217736639567E-003
   2.6966513205008867E-003
   2.6784281513958048E-003
   2.6662698004470244E-003
   2.6609431419942603E-003
   2.6544799693130985E-003
   2.6363795891688360E-003
   2.6277276528384901E-003
   2.6172598261093596E-003
   2.6114070262803339E-003
   2.6094924911189542E-003
   2.6090181880715200E-003
   2.6070748044652384E-003
   2.6038791908504525E-003
   2.6013076220323637E-003
   2.5988874905316893E-003
   2.5968478071433884E-003
   2.5965352006763016E-003
   2.5977889283923480E-003
   2.6030380562394404E-003
   2.6105844444696742E-003
   2.6183616463581363E-003
   2.6307190535249199E-003
   2.6438064215617944E-003
   2.6379996560243171E-003
   2.6500450431065944E-003
   2.6702193200298522E-003
   2.6944840808004709E-003
   2.7178813977155251E-003
   2.7390807246171715E-003
   2.7573337622291698E-003
   2.7743773749665792E-003
   2.7891374965364675E-003
   2.8037482608709724E-003
   2.8193246098601886E-003
   2.8335084421757437E-003
   2.8470496173861521E-003
   2.8612917771693265E-003
   2.8772868955417724E-003
   2.8920840340925583E-003
   2.9031130206418061E-003
   2.9075682849899823E-003
   2.9060568392369332E-003
   2.9040601705901210E-003
   2.9071235323002730E-003
   2.9153742544871515E-003
   2.9264326265993285E-003
   2.9355215688086516E-003
   2.9395689840087200E-003
   2.9380748277646192E-003
   2.9341065830986511E-003
   2.9250774467228726E-003
   2.9154657350113342E-003
   2.9083074561679087E-003
   2.9072282536169113E-003
   2.9182479707967248E-003
   2.8983335819990144E-003
   2.9045665992105162E-003
   2.8667322821316486E-003
   2.8391120161230651E-003
   2.8160462542727799E-003
   2.7944354624424143E-003
   2.7791112751001210E-003
   2.7658633351696762E-003
   2.7517636008129727E-003
   2.7399025646034996E-003
   2.7327788539609813E-003
   2.7234765283732326E-003
   2.7086261698182372E-003
   2.6934317704077758E-003
   2.6848050549139026E-003
   2.6789219573533879E-003
   2.6740632232357463E-003
   2.6713246067357793E-003
   2.6697541056959128E-003
   2.6688625007671662E-003
   2.6699455766792898E-003
   2.6812480879514372E-003
   2.7149134175045442E-003
   2.6781009890155041E-003
   2.6598651815866476E-003
   2.6521392390966864E-003
   2.6493029057182487E-003
   2.6481788078709777E-003
   2.6468596859760677E-003
   2.6585135918271532E-003
   2.7276145457618452E-003
   2.6914117671686636E-003
   2.6492409038774084E-003
   2.6267933284308286E-003
   2.6093694019877025E-003
   2.5931359998770747E-003
   2.5771815833106112E-003
   2.5661330279836505E-003
   2.5553832139431232E-003
   2.5458791007683525E-003
   2.5364845266879973E-003
   2.5235226405693366E-003
   2.5154300024548748E-003
   2.5104191041947746E-003
   2.5056579753523159E-003
   2.4996050419267618E-003
   2.4927231903221613E-003
   2.4843398785221846E-003
   2.4753616888261091E-003
   2.4713387771451464E-003
   2.4733343303479133E-003
   2.4776871074724902E-003
   2.4814198192913708E-003
   2.4832171763656801E-003
   2.4855577706251659E-003
   2.4860980722003078E-003
   2.4876626881693226E-003
   2.4643921093184962E-003
   2.4657404765322227E-003
   2.4732819572779747E-003
   2.4826289655810957E-003
   2.4900671110843851E-003
   2.4944863752493556E-003
   2.4942080425290891E-003
   2.4947534924868796E-003
   2.4974822765663528E-003
   2.5013886588775352E-003
   2.5086945527371166E-003
   2.5179292872244729E-003
   2.5273251159328479E-003
   2.5352237604116235E-003
   2.5417394097810866E-003
   2.5481953766025561E-003
   2.5543476398204880E-003
   2.5646597926422729E-003
   2.5808391083701372E-003
   2.5997152628302782E-003
   2.6217476456527260E-003
   2.6437464663415754E-003
   2.6629504445029582E-003
   2.6773216994326501E-003
   2.6864809234159034E-003
   2.6948422010753268E-003
   2.7032363230261032E-003
   2.7090835920443612E-003
   2.7163790796792537E-003
   2.7233742180345854E-003
   2.7294768364331851E-003
   2.7359169703737485E-003
   2.7437209015630866E-003
   2.7539281136757200E-003
   2.7652685321866949E-003
   2.7914537505868485E-003
   2.8787416137545483E-003
   2.8256086118228847E-003
   2.7894435547513728E-003
   2.7776114645819395E-003
   2.7764582352766696E-003
   2.7852577464656829E-003
   2.8010100626245401E-003
   2.7929236169579219E-003
   2.7893639120200654E-003
   2.7888129987080736E-003
   2.7980492848556663E-003
   2.8099219292929286E-003
   2.8180540316841609E-003
   2.8199633189291569E-003
   2.8230471836741518E-003
   2.8323555215417503E-003
   2.8427531536981692E-003
   2.8448617565643409E-003
   2.8455246350713851E-003
   2.8585151296731653E-003
   2.8719358022300124E-003
   2.8694773184576596E-003
   2.8755259711151664E-003
   2.8853309611054419E-003
   2.8920515670187363E-003
   2.8955925766039428E-003
   2.9037126249101615E-003
   2.9055671633864311E-003
   2.9112083940323013E-003
   2.9180673274967119E-003
   2.9243487545278809E-003
   2.9295763729537834E-003
   2.9336499980961847E-003
   2.9390269352991931E-003
   2.9471946225767343E-003
   2.9544469374667881E-003
   2.9606950309011624E-003
   2.9918913518619025E-003
   3.0719333979353138E-003
   2.9760708525799883E-003
   2.9395020057964225E-003
   2.9221064736380050E-003
   2.9130373314251190E-003
   2.9073067722064192E-003
   2.9022920813910353E-003
   2.8993054420035605E-003
   2.8934812400561866E-003
   2.8815068924799617E-003
   2.8711200783518866E-003
   2.8624200766556558E-003
   2.8520769628595957E-003
   2.8447216545840304E-003
   2.8403602602283884E-003
   2.8373555244005414E-003
   2.8331997008833962E-003
   2.8250758502225411E-003
   2.8146475121198829E-003
   2.7993626316683332E-003
   2.7799724519045497E-003
   2.7735633116238883E-003
   2.7724112060761776E-003
   2.7731475885597670E-003
   2.7717571533266623E-003
   2.7656994234687791E-003
   2.7539250953072798E-003
   2.7406792339460064E-003
   2.7271134588018275E-003
   2.7131997980004460E-003
   2.7005499199022117E-003
   2.6906886900022989E-003
   2.6832642195980991E-003
   2.6768361584029788E-003
   2.6697630593023017E-003
   2.6602170215762120E-003
   2.6502235600918151E-003
   2.6394309854850732E-003
   2.6301155265853506E-003
   2.6243846094018940E-003
   2.6195107709853097E-003
   2.6136111094679725E-003
   2.6088630993440776E-003
   2.6063264035854927E-003
   2.6062280154818774E-003
   2.6067453652009534E-003
   2.6073786595948801E-003
   2.6082078087411799E-003
   2.6113625628141385E-003
   2.6188004874906209E-003
   2.6275634195348329E-003
   2.6360944644271281E-003
   2.6471299032903147E-003
   2.6627563046010632E-003
   2.6810397410012682E-003
   2.7032324242721988E-003
   2.7273528023778930E-003
   2.7489916844640233E-003
   2.7686762185799869E-003
   2.7879204147804198E-003
   2.8349204879544437E-003
   2.9347418650762318E-003
   2.8403406648244904E-003
   2.8018201388819259E-003
   2.7832308710342038E-003
   2.7740442294917492E-003
   2.7655033857059063E-003
   2.7601705876457439E-003
   2.7571206753401246E-003
   2.7572849968876905E-003
   2.7701222043719502E-003
   2.7864891814495993E-003
   2.7692323644996513E-003
   2.7640691911906281E-003
   2.7690149600800964E-003
   2.7743012676726964E-003
   2.7720999115216634E-003
   2.7664648573316733E-003
   2.7647641511294040E-003
   2.7682423875422277E-003
   2.7742078522929110E-003
   2.7841979410592205E-003
   2.7961093727425657E-003
   2.8005977954728206E-003
   2.7951229151710355E-003
   2.7933471230890241E-003
   2.8018633255482970E-003
   2.8130442386102377E-003
   2.8265648290009952E-003
   2.8419212405215986E-003
   2.8585801902050166E-003
   2.8874203624349860E-003
   2.9267328534309670E-003
   2.8984997634825061E-003
   2.8886457187753179E-003
   2.8847174325592286E-003
   2.8863801297713252E-003
   2.8906641846200387E-003
   2.8956006799677400E-003
   2.8990847288461207E-003
   2.8967669379842695E-003
   2.8851529696401045E-003
   2.8734206156418012E-003
   2.8683339224296416E-003
   2.8696222117863468E-003
   2.8742535159151745E-003
   2.8801011649017458E-003
   2.8901442372124505E-003
   2.9013158069742433E-003
   2.9069538288501590E-003
   2.9123246686932609E-003
   2.9182629932890049E-003
   2.9210426749035775E-003
   2.9220236209073934E-003
   2.9243268681117245E-003
   2.9291775503490990E-003
   2.9334280427665165E-003
   2.9304071846240538E-003
   2.9066143479840219E-003
   2.9048495187630110E-003
   2.9035272562822419E-003
   2.9055651750369976E-003
   2.9120684236285748E-003
   2.9181326508583441E-003
   2.9217161283368633E-003
   2.9250932247585426E-003
   2.9272988057040812E-003
   2.9278110818081325E-003
   2.9261093498024714E-003
   2.9215588020097224E-003
   2.9170266675370570E-003
   2.9149158104734597E-003
   2.9163269430628907E-003
   2.9172771471515720E-003
   2.9126217438407687E-003
   2.9055226727277396E-003
   2.8989494506292015E-003
   2.8923347255383281E-003
   2.8864474442404238E-003
   2.8809576407108229E-003
   2.8771269888322741E-003
   2.8740010433094751E-003
   2.8716555995732386E-003
   2.8725221466551791E-003
   2.8709331700470767E-003
   2.8645591978594827E-003
   2.8588104505590920E-003
   2.8543805576751943E-003
   2.8482827260374898E-003
   2.8422434031355652E-003
   2.8458006025924741E-003
   2.8554379127163953E-003
   2.9059972621297459E-003
   2.8564486733808356E-003
   2.8103817138220516E-003
   2.7847601623269759E-003
   2.7637285365745778E-003
   2.7486329644311703E-003
   2.7359196392951245E-003
   2.7259801959623941E-003
   2.7344111002360321E-003
   2.8292339399796020E-003
   2.7591370249937402E-003
   2.6770373333467978E-003
   2.6274778641506508E-003
   2.5951232746517765E-003
   2.5725099658358928E-003
   2.5553760028343472E-003
   2.5433232580085677E-003
   2.5012566900644104E-003
   2.4887441175329380E-003
   2.4790139418010685E-003
   2.4651648928739108E-003
   2.4512673241986515E-003
   2.4413165940988584E-003
   2.4332956192027848E-003
   2.4268280610425545E-003
   2.4274569236246860E-003
   2.4541496491714268E-003
   2.4932833350577812E-003
   2.4261514864374811E-003
   2.3900752726367515E-003
   2.3625433796227871E-003
   2.3413299826781303E-003
   2.3262237171462305E-003
   2.3175921102586597E-003
   2.3114973919838456E-003
   2.3048034968043388E-003
   2.2988296021657648E-003
   2.2926947535348826E-003
   2.2861038056677047E-003
   2.2823058370349280E-003
   2.2752179204931730E-003
   2.2713897303286972E-003
   2.2770872960497491E-003
   2.2839046252679713E-003
   2.2925891016384080E-003
   2.3016006088266852E-003
   2.3078423688138337E-003
   2.3122880616023222E-003
   2.3189088052448432E-003
   2.3292431986570859E-003
   2.3404081903972166E-003
   2.3536095351084831E-003
   2.3717900703717609E-003
   2.3936986432220239E-003
   2.4141942379621718E-003
   2.4290183000911592E-003
   2.4402690467778742E-003
   2.4520184106254718E-003
   2.4622945251032073E-003
   2.4740693329331344E-003
   2.4954057409449460E-003
   2.5202263857158533E-003
   2.5439304712168444E-003
   2.5603175013535393E-003
   2.5746011568226839E-003
   2.5923251684887658E-003
   2.6143125498777897E-003
   2.6386396584763307E-003
   2.6608262070488375E-003
   2.6813455344037711E-003
   2.6981721458311696E-003
   2.7081399897118737E-003
   2.7134852064585038E-003
   2.7154971597553933E-003
   2.7163809361934682E-003
   2.7161014589559039E-003
   2.7124389914471307E-003
   2.7105912263052992E-003
   2.7084387886750082E-003
   2.7003317792312319E-003
   2.6906823579786986E-003
   2.6826918626925143E-003
   2.6754503963390326E-003
   2.6682805013695430E-003
   2.6631557366988642E-003
   2.6620561787773583E-003
   2.6792479429343665E-003
   2.7414212040918809E-003
   2.6831797179233141E-003
   2.6779114023238308E-003
   2.6700340105965266E-003
   2.6074461264249922E-003
   2.5783900804618545E-003
   2.5612188980104369E-003
   2.5464544049665274E-003
   2.5339890323795395E-003
   2.5229022472106825E-003
   2.5141869206320041E-003
   2.5085425833241215E-003
   2.5058544670804065E-003
   2.5070516923024629E-003
   2.5100745962350949E-003
   2.5133982671079786E-003
   2.5196894700921946E-003
   2.5479105335534180E-003
   2.5436153011654272E-003
   2.5308138831404503E-003
   2.5215108034558303E-003
   2.5137492575415007E-003
   2.5099165589868998E-003
   2.5115215645955882E-003
   2.5136219178256659E-003
   2.5093632714918079E-003
   2.5158948090459590E-003
   2.5207263174245940E-003
   2.5230471819850993E-003
   2.5224678920128096E-003
   2.5258055520322297E-003
   2.5538978371506156E-003
   2.6106588592926779E-003
   2.5330712216376739E-003
   2.5026482230703861E-003
   2.4867811699675886E-003
   2.4726576859620980E-003
   2.4585590758765558E-003
   2.4496436331579584E-003
   2.4421861628577180E-003
   2.4331609288179576E-003
   2.4113145435140991E-003
   2.4009802601366458E-003
   2.3899161499728043E-003
   2.3802416325204531E-003
   2.3700488707230761E-003
   2.3587092085869464E-003
   2.3493157032071759E-003
   2.3393876869812844E-003
   2.3303638176603836E-003
   2.3226677994051168E-003
   2.3161456856684334E-003
   2.3097731979883343E-003
   2.3022367616753682E-003
   2.2934165548562620E-003
   2.2824807438459617E-003
   2.2729608381737570E-003
   2.2664791232258770E-003
   2.2530678540905046E-003
   2.2352956133183965E-003
   2.2252752297126700E-003
   2.2121617108741796E-003
   2.1977891732952001E-003
   2.1817554065300497E-003
   2.1658504505789591E-003
   2.1512946012252994E-003
   2.1390142856091234E-003
   2.1282679462571409E-003
   2.1189066038773945E-003
   2.1099324732360425E-003
   2.1008097358450025E-003
   2.0919804494850844E-003
   2.0846789562512409E-003
   2.0790443653055184E-003
   2.0744368585283576E-003
   2.0702365539239458E-003
   2.0668980686166360E-003
   2.0656087773802440E-003
   2.0660248572612529E-003
   2.0679484002752626E-003
   2.0723440020786773E-003
   2.0801177579955316E-003
   2.0910928793386337E-003
   2.1030074642061957E-003
   2.1159374493822875E-003
   2.1315574879368941E-003
   2.1476738097872122E-003
   2.1632458893089050E-003
   2.1826586034262743E-003
   2.2131362183092657E-003
   2.2408453384256959E-003
   2.2297150936579475E-003
   2.2315938878092463E-003
   2.2397283362223723E-003
   2.2532046777380488E-003
   2.2690625463829867E-003
   2.2881638016613503E-003
   2.3137444376319220E-003
   2.3132531812194925E-003
   2.3206256837597270E-003
   2.3279703615829068E-003
   2.3373378499748384E-003
   2.3505709096527270E-003
   2.3641295707000913E-003
   2.3858807199274613E-003
   2.4044849674920567E-003
   2.3902609558641131E-003
   2.3867706589768027E-003
   2.3848374479289833E-003
   2.3813724218145517E-003
   2.3778870396336141E-003
   2.3775376074399337E-003
   2.3779203381698684E-003
   2.3800825432703375E-003
   2.3754342053505110E-003
   2.3609224537663332E-003
   2.3520998433284551E-003
   2.3454825023325760E-003
   2.3415395548175787E-003
   2.3382245901574306E-003
   2.3370503226638681E-003
   2.3382280496711443E-003
   2.3358512198221265E-003
   2.3292891658706419E-003
   2.3241374093128640E-003
   2.3181058200946775E-003
   2.3126242610600370E-003
   2.3094846445216154E-003
   2.3199183429341947E-003
   2.3923292939991179E-003
   2.3246918852981189E-003
   2.2730258503905164E-003
   2.2423192921172527E-003
   2.2145733751922068E-003
   2.1904976734440423E-003
   2.1756569543309244E-003
   2.1612918362111616E-003
   2.1525683132200550E-003
   2.1469808641434223E-003
   2.1417358421199711E-003
   2.1383675059270190E-003
   2.1344310069353902E-003
   2.1297395974783982E-003
   2.1285973667285693E-003
   2.1302148551151962E-003
   2.1318468739421120E-003
   2.1356298991704044E-003
   2.1408925342726952E-003
   2.1456733815597298E-003
   2.1500735881145451E-003
   2.1543851671868403E-003
   2.1549092584952538E-003
   2.1468074058961784E-003
   2.1549581050622378E-003
   2.1651258628918009E-003
   2.1753039085257771E-003
   2.1842954269906392E-003
   2.1924941197258795E-003
   2.1988174400012282E-003
   2.2075815884551506E-003
   2.2201222498013378E-003
   2.2337354680215804E-003
   2.2432965791117265E-003
   2.2494479096043588E-003
   2.2562381629359935E-003
   2.2623334046170435E-003
   2.2671424773120972E-003
   2.2714749937604401E-003
   2.2758987332748867E-003
   2.2792765013919520E-003
   2.2810892577982654E-003
   2.2834429641611915E-003
   2.2860926647624582E-003
   2.2873020491818953E-003
   2.2851489126923395E-003
   2.2829205714359423E-003
   2.2824777179379502E-003
   2.2830510317779920E-003
   2.2816955283065242E-003
   2.2785425089584363E-003
   2.2758525414592118E-003
   2.2741712511324002E-003
   2.2707558913980679E-003
   2.2660186870529556E-003
   2.2671555043203527E-003
   2.3203662100142004E-003
   2.3138218435883504E-003
   2.2407007582430152E-003
   2.2072169438530870E-003
   2.1824934177570141E-003
   2.1620681257603280E-003
   2.1438802737054155E-003
   2.1281073141444381E-003
   2.1104715806627827E-003
   2.0912786077149572E-003
   2.0727677096994317E-003
   2.0584532279039791E-003
   2.0418002088340593E-003
   2.0306919169979110E-003
   2.0295716996605443E-003
   2.0721873121788519E-003
   2.0714045471271134E-003
   2.0072717551923827E-003
   1.9804362438761137E-003
   1.9607521100593684E-003
   1.9467198072100505E-003
   1.9349866630955152E-003
   1.9268917735344973E-003
   1.9249322165832985E-003
   1.9275994054040908E-003
   1.9336637123318074E-003
   1.9130915747770053E-003
   1.9191471186635297E-003
   1.9254017592526961E-003
   1.9311714111379327E-003
   1.9368625913463314E-003
   1.9430676600167480E-003
   1.9511243966627283E-003
   1.9597530616641953E-003
   1.9693134067727057E-003
   1.9822940619629264E-003
   1.9903528423674431E-003
   1.9921430541722869E-003
   2.0237359795954434E-003
   2.0925402041163756E-003
   2.0531923292342728E-003
   2.0322034176058603E-003
   2.0236572756452396E-003
   2.0187026896450583E-003
   2.0143368104366260E-003
   2.0082254926483104E-003
   2.0033443415118308E-003
   2.0023111580230622E-003
   2.0019032114635686E-003
   2.0021697225405619E-003
   2.0035603120793161E-003
   2.0059340324772679E-003
   2.0091154603931881E-003
   2.0113022233705304E-003
   2.0132072746243527E-003
   2.0134593748050594E-003
   2.0130191970014061E-003
   2.0147696456012726E-003
   2.0205074714365564E-003
   2.0259439102187633E-003
   2.0300222133157915E-003
   2.0355020938491500E-003
   2.0420623495480657E-003
   2.0498505718058425E-003
   2.0579899062451276E-003
   2.0688260808440061E-003
   2.0797773426791404E-003
   2.0697346157900684E-003
   2.0742406861506951E-003
   2.0788927446917997E-003
   2.0823519547919249E-003
   2.0877675257838604E-003
   2.0965897675515421E-003
   2.1049680901488125E-003
   2.1128558177917868E-003
   2.1209270796889649E-003
   2.1300578324139384E-003
   2.1378316230434178E-003
   2.1411024896008071E-003
   2.1417138936019719E-003
   2.1456260501671698E-003
   2.1522602125189183E-003
   2.1568253839995876E-003
   2.1588389934847447E-003
   2.1585610805730212E-003
   2.1580949435332556E-003
   2.1584498061828277E-003
   2.1599381649119961E-003
   2.1618649682456680E-003
   2.1624906565106384E-003
   2.1635968177900963E-003
   2.1669585487814561E-003
   2.1723608090227471E-003
   2.1776753438950622E-003
   2.1851384699627658E-003
   2.1950467738037389E-003
   2.2220958792748035E-003
   2.2887888202870557E-003
   2.2580752117568577E-003
   2.2645158540236425E-003
   2.2303747929066239E-003
   2.2106311458666263E-003
   2.1996163464501743E-003
   2.1925869765908709E-003
   2.1884241771197295E-003
   2.1852726970410601E-003
   2.1815862689726030E-003
   2.1784572975543461E-003
   2.1759755007404913E-003
   2.1745257875920906E-003
   2.1759367166670897E-003
   2.1904468833484959E-003
   2.2375060390725865E-003
   2.2011016634984819E-003
   2.1804064772223126E-003
   2.1706622668040930E-003
   2.1617156954417513E-003
   2.1520480305055479E-003
   2.1411083740582319E-003
   2.1268288065449522E-003
   2.1132969936437343E-003
   2.0923589500368347E-003
   2.0808673076624083E-003
   2.0781587506783078E-003
   2.0958009425562476E-003
   2.0777260763083076E-003
   2.0415314002500766E-003
   2.0173748555393106E-003
   1.9988641388431912E-003
   1.9819491957441780E-003
   1.9648426195374665E-003
   1.9482523346381270E-003
   1.9345222660630478E-003
   1.9247501140814841E-003
   1.8985061482839757E-003
   1.8535912665161303E-003
   1.8372247077012758E-003
   1.8271861740741741E-003
   1.8182477173435878E-003
   1.8103494850395664E-003
   1.8037180984864407E-003
   1.7974471987065529E-003
   1.7922574375061808E-003
   1.7892569887215739E-003
   1.7878114853035775E-003
   1.7863336175381671E-003
   1.7852838673115784E-003
   1.7856744315635214E-003
   1.7884820213842133E-003
   1.7927648714903021E-003
   1.7982737338140052E-003
   1.8044672655449143E-003
   1.8096511485478613E-003
   1.8134284257544434E-003
   1.8150644760447315E-003
   1.8163623526687362E-003
   1.8185655114648389E-003
   1.8219934227299581E-003
   1.8144076604308219E-003
   1.8145097559952967E-003
   1.8169651481106681E-003
   1.8195319577020512E-003
   1.8238067216636981E-003
   1.8315511772088054E-003
   1.8402638442658085E-003
   1.8473563173470745E-003
   1.8515226553812332E-003
   1.8532506824945740E-003
   1.8545033111043031E-003
   1.8548682184674394E-003
   1.8557153461554816E-003
   1.8570709595979605E-003
   1.8600888334711191E-003
   1.8650026373293041E-003
   1.8690405765965420E-003
   1.8718813973163139E-003
   1.8765687265036057E-003
   1.8854772624741815E-003
   1.8989310181748956E-003
   1.9203900145456918E-003
   1.9212094522060676E-003
   1.9176604205548501E-003
   1.9196619073765604E-003
   1.9256669577817223E-003
   1.9427937793396505E-003
   1.9674458813367826E-003
   1.9572136302200460E-003
   1.9558560287172783E-003
   1.9580347041208684E-003
   1.9633894587245378E-003
   1.9705625569719381E-003
   1.9785967470461224E-003
   1.9878924901308571E-003
   1.9981524660627526E-003
   2.0096502017289556E-003
   2.0268027416600110E-003
   2.0355529202085677E-003
   2.0391418604193416E-003
   2.0433307433740861E-003
   2.0478553778395078E-003
   2.0525843234884809E-003
   2.0587304464711647E-003
   2.0687051663749716E-003
   2.0785902575111664E-003
   2.0867776245606776E-003
   2.0925043465617682E-003
   2.0984840369905702E-003
   2.1022633031445208E-003
   2.1048112941216609E-003
   2.1072702687378458E-003
   2.1093113815382745E-003
   2.1116168218905753E-003
   2.1203303361066344E-003
   2.1600154625009958E-003
   2.2341569406600084E-003
   2.1291351076803554E-003
   2.0859579183595974E-003
   2.0614984795891715E-003
   2.0467189622477878E-003
   2.0347368815830783E-003
   2.0240056539148990E-003
   2.0146760329283336E-003
   2.0071323493196817E-003
   1.9990510957504444E-003
   1.9940205133540329E-003
   1.9923370277094661E-003
   1.9917779320430106E-003
   1.9790167657259632E-003
   1.9718932592262752E-003
   1.9749128444816965E-003
   1.9756008990658262E-003
   1.9754059323024717E-003
   1.9726532079677827E-003
   1.9673114768311442E-003
   1.9612495716361689E-003
   1.9586699893797024E-003
   1.9590713735087172E-003
   1.9588512181602812E-003
   1.9569792555895185E-003
   1.9540054326047463E-003
   1.9520826586033511E-003
   1.9517358999996889E-003
   1.9497400554643650E-003
   1.9468957819012704E-003
   1.9474127947124453E-003
   1.9489849367688150E-003
   1.9503366646932583E-003
   1.9485954519770036E-003
   1.9442455152788108E-003
   1.9407290122252072E-003
   1.9390964327525156E-003
   1.9398002512788790E-003
   1.9402500912431135E-003
   1.9408793178722463E-003
   1.9414172808611778E-003
   1.9394766016065338E-003
   1.9351737333412413E-003
   1.9295505775251043E-003
   1.9251463218813080E-003
   1.9219910823807455E-003
   1.9195790996604002E-003
   1.9170470184567761E-003
   1.9138803283644938E-003
   1.9108830064780377E-003
   1.9068917472841096E-003
   1.9020791269791532E-003
   1.8970147925577022E-003
   1.8925529178032015E-003
   1.8898967594666968E-003
   1.8888608487277452E-003
   1.8921540294098553E-003
   1.9191855943359001E-003
   2.0416011626148145E-003
   1.9217003290318909E-003
   1.8688019742405281E-003
   1.8386339758358059E-003
   1.8161648637436689E-003
   1.7978864839651020E-003
   1.7807635557341023E-003
   1.7656565309329283E-003
   1.7568558364150823E-003
   1.7505336490133412E-003
   1.7247581606644883E-003
   1.7113705910326901E-003
   1.7011387556568783E-003
   1.6946817406828757E-003
   1.6909208149871633E-003
   1.6873433197209513E-003
   1.6833596554215850E-003
   1.6806564396907849E-003
   1.6790881174394993E-003
   1.6789457560117908E-003
   1.6811340908508428E-003
   1.6884461799282246E-003
   1.7266545783885981E-003
   1.6951193337545409E-003
   1.6820193793622184E-003
   1.6771488823936257E-003
   1.6752442353745178E-003
   1.6764388418162802E-003
   1.6783407924522526E-003
   1.6805072928184552E-003
   1.6831161013801787E-003
   1.6855120720522853E-003
   1.6883870766189197E-003
   1.6926171839728764E-003
   1.6949347633983616E-003
   1.7008808841826851E-003
   1.7087849252442587E-003
   1.7202013714414145E-003
   1.7340795235126205E-003
   1.7848934339592226E-003
   1.8763315579084063E-003
   1.7875300846520422E-003
   1.7548988717099956E-003
   1.7392773755160623E-003
   1.7300665057796429E-003
   1.7255012396239385E-003
   1.7237253991058581E-003
   1.7214444722598605E-003
   1.7235765753852287E-003
   1.7271179275110940E-003
   1.7302370361597797E-003
   1.7346777630618719E-003
   1.7393709058512884E-003
   1.7449939372620126E-003
   1.7534982823560012E-003
   1.7610568930421892E-003
   1.7674216656592158E-003
   1.7744654205138299E-003
   1.7827288658540873E-003
   1.7904272298797585E-003
   1.7986719884910869E-003
   1.8101637858631660E-003
   1.8154016458305320E-003
   1.8166352054079626E-003
   1.8237644843310326E-003
   1.8295234898046684E-003
   1.8371642303371195E-003
   1.8439069356946771E-003
   1.8462605161760179E-003
   1.8423402068288922E-003
   1.8378845546847926E-003
   1.8342581310087859E-003
   1.8322789834928517E-003
   1.8314840885894710E-003
   1.8304484613356944E-003
   1.8313738770846485E-003
   1.8336331000666350E-003
   1.8374266882974916E-003
   1.8421824999740020E-003
   1.8473726689557919E-003
   1.8516764951665040E-003
   1.8541997532672831E-003
   1.8563732108719667E-003
   1.8596542728127033E-003
   1.8632732025855019E-003
   1.8672904613844733E-003
   1.8701590445638016E-003
   1.8735497132904297E-003
   1.8784875135286125E-003
   1.8822739447162560E-003
   1.8826248606385358E-003
   1.8829130303354394E-003
   1.8850140805932746E-003
   1.8876947672444978E-003
   1.8898034969808276E-003
   1.8916439769758704E-003
   1.8967634582928343E-003
   1.9023000428449852E-003
   1.9097121255180274E-003
   1.9456218684499862E-003
   1.9970686295606209E-003
   1.9447133961144772E-003
   1.9247035178004853E-003
   1.9170189709584490E-003
   1.9022509267447843E-003
   1.8890057975415988E-003
   1.8790354776729299E-003
   1.8711094320009055E-003
   1.8626448753159299E-003
   1.8538287630484481E-003
   1.8460274929218722E-003
   1.8383754009421703E-003
   1.8296809752648018E-003
   1.8177532018032857E-003
   1.8070858993507965E-003
   1.7982811941703431E-003
   1.7906371322468737E-003
   1.7832178422829514E-003
   1.7775135206489075E-003
   1.7789335051044330E-003
   1.8048116739292183E-003
   1.8072321755096550E-003
   1.7585916948289820E-003
   1.7355131474678035E-003
   1.7166851631805410E-003
   1.7005718347469436E-003
   1.6870509195773249E-003
   1.6813981835612848E-003
   1.6892183925217867E-003
   1.6630688935210217E-003
   1.6342946652353973E-003
   1.6175242803437677E-003
   1.6135650535253174E-003
   1.5746530393852029E-003
   1.5668636272235907E-003
   1.5612562135882905E-003
   1.5574502522155607E-003
   1.5538938678483713E-003
   1.5498312421146831E-003
   1.5322705851285034E-003
   1.5243965564707466E-003
   1.5180627365611492E-003
   1.5137706034023350E-003
   1.5098271861118517E-003
   1.5055007800934383E-003
   1.5007554095091192E-003
   1.4951271054823182E-003
   1.4896251755393828E-003
   1.4844272146886551E-003
   1.4793889937591773E-003
   1.4764402387983315E-003
   1.4741072675195559E-003
   1.4707596102595604E-003
   1.4672719341667349E-003
   1.4640239764245862E-003
   1.4633298218418034E-003
   1.4646145126573523E-003
   1.4656820372228900E-003
   1.4662966160636948E-003
   1.4681262194794853E-003
   1.4666419947629605E-003
   1.4683305945703664E-003
   1.4705939420834183E-003
   1.4738468194798314E-003
   1.4776820705171580E-003
   1.4825853708773542E-003
   1.4880959125968913E-003
   1.4939243454781005E-003
   1.5011978093066264E-003
   1.5098298267595216E-003
   1.5195689189712611E-003
   1.5298897471047550E-003
   1.5399553952094467E-003
   1.5493569932673009E-003
   1.5569149043789714E-003
   1.5638594661821635E-003
   1.5710230436571701E-003
   1.5779442269047736E-003
   1.5854587522820779E-003
   1.5935622728853733E-003
   1.6016079256291136E-003
   1.6102222957169476E-003
   1.6206777673037113E-003
   1.6372251185868636E-003
   1.6785180357275320E-003
   1.6926967522699747E-003
   1.6585143068697681E-003
   1.6502986297800869E-003
   1.6493806772980338E-003
   1.6517643145720722E-003
   1.6516908896489291E-003
   1.6528442469583668E-003
   1.6523689717438518E-003
   1.6503294936989043E-003
   1.6466606229898007E-003
   1.6441330381074554E-003
   1.6427022528534743E-003
   1.6414650026361866E-003
   1.6418609160601554E-003
   1.6439604167840292E-003
   1.6478121733170996E-003
   1.6589871996276200E-003
   1.6902572399806694E-003
   1.6784874820151663E-003
   1.6633684533134678E-003
   1.6578143182915525E-003
   1.6586154826400761E-003
   1.6619917440848827E-003
   1.6660363969032391E-003
   1.6706379776309235E-003
   1.6701565559335810E-003
   1.6706561381322226E-003
   1.6770002453666128E-003
   1.6852023830659024E-003
   1.6978040722227725E-003
   1.7073797419373789E-003
   1.7110000832713432E-003
   1.7168540939682170E-003
   1.7230290016762414E-003
   1.7289190680556061E-003
   1.7352258687704577E-003
   1.7409121394018532E-003
   1.7451345343563417E-003
   1.7494889534062960E-003
   1.7541681276034334E-003
   1.7585477417740092E-003
   1.7624499766177881E-003
   1.7657158519175662E-003
   1.7678797336860470E-003
   1.7707387358403069E-003
   1.7790411855479861E-003
   1.7407791473743170E-003
   1.7442869307837641E-003
   1.7491626369910854E-003
