   4.2899245268403455E-002
   3.4576185551220898E-002
   3.2994061884188311E-002
   3.1276955784592865E-002
   3.0330797552000181E-002
   3.0376548613689987E-002
   2.9564654919118076E-002
   2.7381489568093192E-002
   2.6517687677345029E-002
   2.6704970208544725E-002
   2.5997783556939828E-002
   2.5814572414584465E-002
   2.4331805835753569E-002
   2.4284859146496328E-002
   2.4534911412502650E-002
   2.6385552246410888E-002
   2.6108696507434723E-002
   2.6983392907233446E-002
   2.6013707504911349E-002
   2.4400339752578919E-002
   2.4017328190341670E-002
   2.4492118587730895E-002
   2.4765237436204450E-002
   2.3750348139908433E-002
   2.4782232621845725E-002
   2.5042204091592312E-002
   2.5539920457592753E-002
   2.5936129015392329E-002
   2.5258308355450856E-002
   2.5798037657307173E-002
   2.6628083016874672E-002
   2.7609893961276454E-002
   2.8335373493981943E-002
   2.8782671289137453E-002
   2.9259060365519556E-002
   2.9868555838044247E-002
   3.0273367902032233E-002
   3.1579788081743616E-002
   3.3372327582349939E-002
   3.0190647921302938E-002
   3.0149546188509724E-002
   3.0171790876831153E-002
   3.0264847304169510E-002
   3.0477125736988839E-002
   3.0734727134348203E-002
   3.0991321042258980E-002
   3.1261688693400007E-002
   3.1287554777964681E-002
   3.1387396862150169E-002
   3.1444974470532676E-002
   3.1219687198283757E-002
   3.1176885944462097E-002
   3.1138586308458539E-002
   3.0702354546215661E-002
   3.0233912094687159E-002
   3.0084495590841941E-002
   2.9714081389161248E-002
   2.9591420334822906E-002
   2.9302953955576926E-002
   2.8867580533373054E-002
   2.8792942092907021E-002
   2.8569019174429704E-002
   2.8356840145517745E-002
   2.8081273056901789E-002
   2.7892291199677555E-002
   2.7793210803326810E-002
   2.7805473939127860E-002
   2.7794650937121142E-002
   2.8401348701692114E-002
   2.8003380205963581E-002
   2.7902582180672455E-002
   2.7592464721294986E-002
   2.7810559219860559E-002
   2.7038530677675796E-002
   2.6945688158871869E-002
   2.6495267403950955E-002
   2.6139989421294387E-002
   2.5965738107368210E-002
   2.5681720518441024E-002
   2.5423739213096652E-002
   2.5154395958351134E-002
   2.4937473634743815E-002
   2.4770493628686333E-002
   2.4644817512423256E-002
   2.4613758289939881E-002
   2.4463761278343588E-002
   2.4354917444668441E-002
   2.4363617565548428E-002
   2.4013549211789432E-002
   2.3961335420210228E-002
   2.3900061699615151E-002
   2.3943498968251965E-002
   2.3868377559647241E-002
   2.4015075339601379E-002
   2.4208145075723185E-002
   2.4493075602906710E-002
   2.4780892910424530E-002
   2.5080741165573545E-002
   2.5204924733338421E-002
   2.5131896323406830E-002
   2.5393785263824419E-002
   2.5566531815409153E-002
   2.6100969334750871E-002
   2.6815547180347701E-002
   2.6831358051418872E-002
   2.7096992163253595E-002
   2.7607517762136196E-002
   2.8151015514530413E-002
   2.8810959913207711E-002
   2.9462851790563946E-002
   3.0200438983209728E-002
   3.0982217730231694E-002
   3.1809205357397716E-002
   3.2620059521200707E-002
   3.3484401908520721E-002
   3.4346807270591979E-002
   3.5135831246029189E-002
   3.5875663538855268E-002
   3.6538583900372318E-002
   3.7203271602459752E-002
   3.7704633379027179E-002
   3.8158348620999899E-002
   3.8305590958415486E-002
   3.8318924371635948E-002
   3.8384667155077101E-002
   3.8141068424768221E-002
   3.8047095891260062E-002
   3.7956780282009807E-002
   3.7758203289641003E-002
   3.7748785056374620E-002
   3.7885352591857498E-002
   3.8060599738364086E-002
   3.8390745371726306E-002
   3.8784036394902355E-002
   3.9253215609287524E-002
   3.9472005124738085E-002
   3.9822279853086971E-002
   4.0331788830239031E-002
   4.0938860943950266E-002
   4.1689478213693051E-002
   4.2383059394560073E-002
   4.3053972213517797E-002
   4.3732047275937956E-002
   4.4571142433676630E-002
   4.5506602970302873E-002
   4.6167209716063549E-002
   4.7033002571025460E-002
   4.7767634932447629E-002
   4.8652399159543121E-002
   4.9542514415627043E-002
   5.0467554302993503E-002
   5.1515932283537451E-002
   5.2589131804201328E-002
   5.3669851719522522E-002
   5.4691121105372130E-002
   5.5695119267146702E-002
   5.6744629538739995E-002
   5.7860627554019578E-002
   5.8985637288808040E-002
   5.9896177873813412E-002
   6.0587468924730041E-002
   6.1500221240520556E-002
   6.2464591308456108E-002
   6.3245233604102211E-002
   6.3877684174115823E-002
   6.4463664494652642E-002
   6.5171774055219178E-002
   6.5904419781251736E-002
   6.6620752862303678E-002
   6.7252027250884555E-002
   6.7864483806713810E-002
   6.8467461468318669E-002
   6.9073773428000987E-002
   6.9627607661691321E-002
   7.0157213050642181E-002
   7.0581184674536335E-002
   7.0943217929711075E-002
   7.1226359996240399E-002
   7.1555157346170045E-002
   7.2143166284066806E-002
   7.2800754191931188E-002
   7.2227819446085334E-002
   7.1993706709196748E-002
   7.1757212526439504E-002
   7.1506660143990569E-002
   7.1157658183976263E-002
   7.0837870118291915E-002
   7.0135165371001854E-002
   6.9924331592648242E-002
   6.9717278777115518E-002
   6.9432145632711259E-002
   6.9095790552158504E-002
   6.8735950362135756E-002
   6.8395059766339639E-002
   6.8039447563269101E-002
   6.7793478688018188E-002
   6.8043856434613109E-002
   6.9696098714428542E-002
   6.9970317282467956E-002
   6.8244572713480722E-002
   6.5241687876971821E-002
   6.3046926632885192E-002
   6.1525645001474283E-002
   6.0264672148101030E-002
   5.9233629073931746E-002
   5.8264803367018066E-002
   5.7408135992154302E-002
   5.6648767401036811E-002
   5.5924319699702754E-002
   5.5284137228375108E-002
   5.4674228244202483E-002
   5.4067474136907274E-002
   5.3512913355148899E-002
   5.3023236017688220E-002
   5.2529317018365947E-002
   5.2065991291860264E-002
   5.1649539362924608E-002
   5.1239660170046636E-002
   5.0836525897919427E-002
   5.0439704611896244E-002
   5.0080439911701823E-002
   4.9684718175063376E-002
   4.9244583062302651E-002
   4.8846897660491051E-002
   4.8626619059944559E-002
   4.8401134296343205E-002
   4.8249443708342381E-002
   4.8171498747916222E-002
   4.8078117434518716E-002
   4.8089617266366132E-002
   4.8197773752870786E-002
   4.8315532993053190E-002
   4.8619170855666617E-002
   4.8984482123274282E-002
   4.9415243762791307E-002
   4.9862265735706159E-002
   5.0356270148446867E-002
   5.0901818286233656E-002
   5.1552438763507312E-002
   5.2218569048958031E-002
   5.2972533648625017E-002
   5.3904648624319276E-002
   5.4734020124284806E-002
   5.5569112566392492E-002
   5.6447289382656578E-002
   5.7305589024792589E-002
   5.8152681003368303E-002
   5.9001986328884752E-002
   5.9825170400441142E-002
   6.0626986750906574E-002
   6.1407529572901014E-002
   6.2147298122686767E-002
   6.2906769456085240E-002
   6.3656601657493359E-002
   6.4391015999455473E-002
   6.5091255215770055E-002
   6.5854796389990380E-002
   6.6485573291587177E-002
   6.7010247621683727E-002
   6.7440907161785940E-002
   6.7831023715854241E-002
   6.7879075389987553E-002
   6.7569889578389900E-002
   6.7293141265165293E-002
   6.7165532702766109E-002
   6.7089175753695315E-002
   6.7126535942220289E-002
   6.7161405685338446E-002
   6.7208642985123940E-002
   6.7331698745242294E-002
   6.7451939177258363E-002
   6.7669453045725997E-002
   6.7833365802887555E-002
   6.8148145397421492E-002
   6.8446413424238586E-002
   6.8753404634719628E-002
   6.9148471157803190E-002
   6.9555942330604109E-002
   7.0006743646714428E-002
   7.0507929860503527E-002
   7.0943805469580942E-002
   7.1324135362513849E-002
   7.1847448137632469E-002
   7.2439030817578340E-002
   7.3053617621109693E-002
   7.3650641816145154E-002
   7.4344171433951750E-002
   7.5030771140321764E-002
   7.5590080869680304E-002
   7.6205198216213868E-002
   7.6981416927191543E-002
   7.7912108015964446E-002
   7.9513411811956508E-002
   8.2514113772228947E-002
   8.4000940430091889E-002
   8.3983960514314199E-002
   8.2880801521161646E-002
   8.0727615568216879E-002
   7.8771798384723882E-002
   7.7763233586834360E-002
   7.7140548013469604E-002
   7.6704653280601276E-002
   7.6432315439229889E-002
   7.6279253065180491E-002
   7.6303637754134596E-002
   7.6317063856232131E-002
   7.6419285283653451E-002
   7.6523670786961179E-002
   7.6646578616159880E-002
   7.6840286834156390E-002
   7.7059351624498285E-002
   7.7196283687342271E-002
   7.7290146188667100E-002
   7.7434563900241213E-002
   7.7589458214168031E-002
   7.7758083475941750E-002
   7.7804151325667162E-002
   7.7854504521094506E-002
   7.7926654069128770E-002
   7.7982586787930519E-002
   7.8038276734360271E-002
   7.7952090970493673E-002
   7.7896127955239841E-002
   7.7894880246985460E-002
   7.7917245564137247E-002
   7.7948769791724076E-002
   7.7998381426799185E-002
   7.8040060421438656E-002
   7.8069487188241374E-002
   7.8106887265582667E-002
   7.8111764990906732E-002
   7.8111508432965632E-002
   7.8067503966582699E-002
   7.8029355361563218E-002
   7.8018205584209785E-002
   7.7991496940071556E-002
   7.7876363086367570E-002
   7.7787829110896406E-002
   7.7724188988770787E-002
   7.7682208122088925E-002
   7.7606516938060116E-002
   7.7511642226641433E-002
   7.7375885389988117E-002
   7.7311500426274452E-002
   7.7228337378341838E-002
   7.7148060962567808E-002
   7.7057509693839038E-002
   7.6973619704715460E-002
   7.6903795138492090E-002
   7.6844086818808333E-002
   7.6784488436975801E-002
   7.6727562562834736E-002
   7.6707878589878750E-002
   7.6680550276857204E-002
   7.6650700364057703E-002
   7.6563491121639932E-002
   7.6340713767460586E-002
   7.6033747778160979E-002
   7.5478442807743296E-002
   7.4846339524229782E-002
   7.4430984562679173E-002
   7.4083814420807928E-002
   7.3809079494748658E-002
   7.3571316457721470E-002
   7.3389104951077491E-002
   7.3239249215734714E-002
   7.3123206756149958E-002
   7.3190387173171848E-002
   7.3882800684942643E-002
   7.3174054494933569E-002
   7.2676363722415552E-002
   7.2430456276721927E-002
   7.2255813104946165E-002
   7.2214764461466949E-002
   7.2226706998310353E-002
   7.2240742417912826E-002
   7.2281928943433577E-002
   7.2385572266465623E-002
   7.2527123797482745E-002
   7.2772871727749752E-002
   7.3046900552812766E-002
   7.3840550055500179E-002
   7.5895226385262943E-002
   7.7611239702230911E-002
   7.8654398039240084E-002
   7.8422997791361013E-002
   7.7021272536342944E-002
   7.5081496771969541E-002
   7.3816438799180900E-002
   7.2998126062690863E-002
   7.2278835775049108E-002
   7.1802319185004071E-002
   7.1244167743758413E-002
   7.0159522692493731E-002
   6.9567588994933205E-002
   6.9149904788814234E-002
   6.9057956691608122E-002
   6.9039607288673671E-002
   6.9064028020674489E-002
   6.9160613140031219E-002
   6.9354388681027015E-002
   6.9564485905932699E-002
   6.9807182509907251E-002
   7.0039139762012703E-002
   7.0338375068529690E-002
   7.0680972425806732E-002
   7.1071008504786398E-002
   7.1470225684108893E-002
   7.1899199016328838E-002
   7.2315350917189894E-002
   7.2767447418499567E-002
   7.3230415252186293E-002
   7.3725674953631942E-002
   7.4251818025089428E-002
   7.4630338979439201E-002
   7.5129706619368825E-002
   7.5620248896336409E-002
   7.6116171963518803E-002
   7.6626248019569368E-002
   7.7125568315845716E-002
   7.7638133147419311E-002
   7.8118075988649074E-002
   7.8614179087876379E-002
   7.9102464968183822E-002
   7.9574966429956831E-002
   8.0028659053869231E-002
   8.0462761298577032E-002
   8.0898849041162360E-002
   8.1312501012479554E-002
   8.1793068861373205E-002
   8.2265738691922788E-002
   8.2731450878496315E-002
   8.3202609653683340E-002
   8.3667704568044760E-002
   8.4172512581296627E-002
   8.4686536477538640E-002
   8.5183839087885987E-002
   8.5644680236642984E-002
   8.6095985935919356E-002
   8.6530851171949252E-002
   8.6946992432202483E-002
   8.7476893337602418E-002
   8.8052807328324448E-002
   8.8510165576765207E-002
   8.8700676024885808E-002
   8.9154572075686805E-002
   8.9625910737934258E-002
   9.0041476162212072E-002
   9.0561178365487965E-002
   9.1151103658412391E-002
   9.1777472037170821E-002
   9.2401118755961173E-002
   9.3034824246492023E-002
   9.3557355957588406E-002
   9.4012729109705415E-002
   9.4542334722207827E-002
   9.5112451527353745E-002
   9.5724763838056129E-002
   9.6317642515770546E-002
   9.6950164461443805E-002
   9.7658888083989759E-002
   9.8359849963035775E-002
   9.9086109690793053E-002
   9.9987438383856486E-002
  0.10145956417523018     
  0.10195542216351543     
  0.10290794597651866     
  0.10354063546173331     
  0.10309593005879797     
  0.10290763156874461     
  0.10291624163175264     
  0.10298849578960707     
  0.10308896942987425     
  0.10316092861289905     
  0.10322786321744397     
  0.10330286108661706     
  0.10332566779070866     
  0.10330708313569441     
  0.10327808782166914     
  0.10323367968109824     
  0.10318436411059183     
  0.10311337898733010     
  0.10302903267139626     
  0.10303339911994032     
  0.10362437047047515     
  0.10503798837334988     
  0.10338454139369521     
  0.10171907901657579     
  0.10062142682636059     
   9.9629729275513182E-002
   9.8749265126101396E-002
   9.7928483910271841E-002
   9.7235319132044598E-002
   9.6683909491599468E-002
   9.5899787887710794E-002
   9.5496895070696849E-002
   9.3585796380125971E-002
   9.2068323057836798E-002
   9.1467244672115450E-002
   9.1039372738168242E-002
   9.0666353513987344E-002
   9.0352241124292729E-002
   9.0069120856766507E-002
   8.9820855125268093E-002
   8.9665533532344979E-002
   8.9424927692844380E-002
   8.9160946165795105E-002
   8.8900205974456498E-002
   8.8683266839431202E-002
   8.8445645115655419E-002
   8.8126512461838183E-002
   8.7834146084151535E-002
   8.7569945657703291E-002
   8.7262572116918874E-002
   8.7025559348145987E-002
   8.6816924372733695E-002
   8.6640948418850783E-002
   8.6494409464987862E-002
   8.6392152134355665E-002
   8.6298720655147196E-002
   8.6289590024015025E-002
   8.6312972141880495E-002
   8.6343902739480602E-002
   8.6396089504198914E-002
   8.6458488412398601E-002
   8.6583230444869055E-002
   8.6652493449034779E-002
   8.6527638579496954E-002
   8.6686930422049821E-002
   8.6877834380952770E-002
   8.7107590217140540E-002
   8.7339677330920851E-002
   8.7614009605636922E-002
   8.7899103329545716E-002
   8.8225599430507978E-002
   8.8589199104970096E-002
   8.8971798321726192E-002
   8.9380862111964790E-002
   8.9784360827497148E-002
   9.0236874425119101E-002
   9.0645749824198082E-002
   9.1080508653672579E-002
   9.1531933550487526E-002
   9.1998463375604814E-002
   9.2450170848119878E-002
   9.2919261695117314E-002
   9.3391583621051544E-002
   9.3856573457189160E-002
   9.4339565041142964E-002
   9.4839850182858468E-002
   9.5386736874909603E-002
   9.5979107139308822E-002
   9.6562145763615770E-002
   9.7103658889650349E-002
   9.7544672344843625E-002
   9.7903169416313524E-002
   9.8255697060388877E-002
   9.8603076286627803E-002
   9.8854861099192740E-002
   9.9257699532782365E-002
   9.9707064178912869E-002
  0.10018135943414283     
  0.10072367306562252     
  0.10130998572445947     
  0.10193459378257783     
  0.10255689587341077     
  0.10323042880514355     
  0.10398239574883188     
  0.10474843081481502     
  0.10553805029221609     
  0.10634756017300674     
  0.10713905384976860     
  0.10793372743629288     
  0.10872968679030325     
  0.10949908533683556     
  0.11027845132569983     
  0.11102181893505433     
  0.11175788405392965     
  0.11253522905891321     
  0.11327025688717289     
  0.11393711570399472     
  0.11460159740349450     
  0.11528410024919925     
  0.11594740265600596     
  0.11657866504956543     
  0.11729900041192659     
  0.11827197890843998     
  0.12039336901927737     
  0.12273922680645021     
  0.12315687148191490     
  0.12232401943274744     
  0.12037517242865446     
  0.11810157332278566     
  0.11677654328238629     
  0.11590165364027362     
  0.11528443513020163     
  0.11485603115681135     
  0.11435771961797311     
  0.11365107577606358     
  0.11336810882539118     
  0.11326436153678351     
  0.11321093016548257     
  0.11323734810518864     
  0.11326291481436306     
  0.11335986037075932     
  0.11343438338392337     
  0.11356871787619886     
  0.11363988806796742     
  0.11378300980166428     
  0.11383433727322337     
  0.11396260170656108     
  0.11406711448360260     
  0.11410954109533411     
  0.11397465878549970     
  0.11406234807787796     
  0.11416794329109728     
  0.11426408211490952     
  0.11434613758577533     
  0.11439614504404028     
  0.11441674192675637     
  0.11442818616955260     
  0.11443508766873529     
  0.11444838166969169     
  0.11445570910199974     
  0.11442506788666613     
  0.11441830490960377     
  0.11435448950988841     
  0.11429018270580102     
  0.11426954052216229     
  0.11422527628961907     
  0.11418952796928412     
  0.11419470611844877     
  0.11416045063198008     
  0.11416764699036379     
  0.11415831666859214     
  0.11415138805139896     
  0.11413322392341183     
  0.11410414463724940     
  0.11404544661123059     
  0.11399615183306143     
  0.11395728897874158     
  0.11399451489987401     
  0.11432283850486344     
  0.11585118510027140     
  0.11766435814463531     
  0.11704590530664741     
  0.11477198665107444     
  0.11295465220371236     
  0.11189291456013828     
  0.11110112704707958     
  0.11036008792913390     
  0.10958113730215854     
  0.10874196570612113     
  0.10786171712146915     
  0.10698809914740660     
  0.10619643602566599     
  0.10547564276152001     
  0.10483409749837350     
  0.10426376081653171     
  0.10376884776521782     
  0.10336857236525608     
  0.10304832636336393     
  0.10275616375334851     
  0.10253157441509732     
  0.10232830594053451     
  0.10219330492931818     
  0.10207557756342654     
  0.10196480997454156     
  0.10192813334276962     
  0.10193855281794312     
  0.10200505075388405     
  0.10210211330191571     
  0.10223664550738780     
  0.10242795572737926     
  0.10269610114268513     
  0.10304137178318665     
  0.10351671592028269     
  0.10424276559887825     
  0.10564373563411586     
  0.10800559547622868     
  0.10901334121711712     
  0.10857273278095191     
  0.10728850324144204     
  0.10620186870218956     
  0.10573341780408142     
  0.10551423697610531     
  0.10489564324822194     
  0.10451894647518066     
  0.10442756598783115     
  0.10438690508835259     
  0.10436122896590956     
  0.10433481613348007     
  0.10431965973094227     
  0.10431052006283209     
  0.10430954052898340     
  0.10431778095048753     
  0.10434007356269649     
  0.10437211521503495     
  0.10441455223892032     
  0.10448454109511850     
  0.10460177988461389     
  0.10477138038267242     
  0.10498778469031869     
  0.10520724355721016     
  0.10537040679003855     
  0.10494590782400587     
  0.10420887563185934     
  0.10353273821846122     
  0.10320127384148818     
  0.10302384216121049     
  0.10292902383765268     
  0.10292997957453379     
  0.10301687270391120     
  0.10315322396773884     
  0.10333087352123885     
  0.10356861314399174     
  0.10383718915707321     
  0.10413795475788154     
  0.10446303544103702     
  0.10482043617080335     
  0.10521065442108787     
  0.10564135835128032     
  0.10612040987085622     
  0.10664284026439211     
  0.10719081455911840     
  0.10776945054388201     
  0.10839653180351903     
  0.10905006048059532     
  0.10975213700517819     
  0.11049232574526255     
  0.11126149069051099     
  0.11205603880263711     
  0.11287715068291999     
  0.11372174272833713     
  0.11457281461365049     
  0.11549879537724063     
  0.11632444377131883     
  0.11711384636176365     
  0.11802046968273572     
  0.11919475203494002     
  0.12164162922954108     
  0.12468799992778554     
  0.12518232132790855     
  0.12398754050931182     
  0.12142453778977791     
  0.11932885657424931     
  0.11819702127783205     
  0.11745197150519170     
  0.11690584799171935     
  0.11648615596989430     
  0.11615939998389392     
  0.11587272123959791     
  0.11563317914634914     
  0.11543378593528206     
  0.11525697595701442     
  0.11507784671696843     
  0.11491024860858801     
  0.11482865938145090     
  0.11502690248507232     
  0.11539154030708884     
  0.11471975151549363     
  0.11427095155048962     
  0.11407876259186780     
  0.11401908641633048     
  0.11407681856454610     
  0.11421964244361645     
  0.11413316135654494     
  0.11399762650743475     
  0.11430512846063384     
  0.11501314770775740     
  0.11584024960085725     
  0.11524413142230830     
  0.11481786743064991     
  0.11467240045935793     
  0.11453374979275580     
  0.11443043646336562     
  0.11405482620898669     
  0.11333124476782043     
  0.11266108343281536     
  0.11208223440190419     
  0.11167604967637212     
  0.11144140546864897     
  0.11106464950050378     
  0.11093564964962919     
  0.11105097244408062     
  0.11114633282842150     
  0.11123561631841455     
  0.11133944100204732     
  0.11142395400190112     
  0.11148707074075971     
  0.11153838210872817     
  0.11158393386976201     
  0.11163716230606033     
  0.11164506232745496     
  0.11164721712777841     
  0.11159379359498979     
  0.11149897137466079     
  0.11147072896106874     
  0.11140953494369943     
  0.11135760226264621     
  0.11129584036832278     
  0.11125198449547342     
  0.11121665733172692     
  0.11120369090245669     
  0.11117408502507946     
  0.11110233025767610     
  0.11092240867770671     
  0.11063240865761755     
  0.11023434070854711     
  0.10979498422753338     
  0.10930613098658334     
  0.10883490653619474     
  0.10837170992235647     
  0.10791629779730544     
  0.10746212774260186     
  0.10696243908109830     
  0.10642390972833171     
  0.10588389891126608     
  0.10534315670768511     
  0.10483955416443404     
  0.10436350960516166     
  0.10392662169317045     
  0.10351935786335170     
  0.10313600704071706     
  0.10276986367764807     
  0.10242034474436269     
  0.10207365271870125     
  0.10175928024824211     
  0.10149053835411127     
  0.10134203077235798     
  0.10166671430983902     
  0.10215971721092318     
  0.10113505284908171     
  0.10048869723818728     
  0.10014295220157898     
   9.9927908735461049E-002
   9.9804286147934088E-002
   9.9779932347032307E-002
   9.9912408829676017E-002
  0.10076643573997318     
  0.10357304672061135     
  0.10480579149083702     
  0.10335223193130985     
  0.10030967237253360     
   9.8189773184025039E-002
   9.6985595215522219E-002
   9.6101821436127999E-002
   9.5483361342103237E-002
   9.5023032724888726E-002
   9.4784355903227965E-002
   9.4623357011801648E-002
   9.4592310148738951E-002
   9.4696013807309048E-002
   9.4880530808523739E-002
   9.5162919326220327E-002
   9.5528661614813798E-002
   9.5959102395210938E-002
   9.6516878706819312E-002
   9.7119365653613343E-002
   9.7753601303330065E-002
   9.8430202876066367E-002
   9.9170251166439780E-002
   9.9970262739161250E-002
  0.10082257895702927     
  0.10170917916751622     
  0.10265477408592753     
  0.10363788805814342     
  0.10462979272762818     
  0.10565719541502415     
  0.10670955291585445     
  0.10785207164532147     
  0.10901098022677068     
  0.10984937517686760     
  0.11039832351577326     
  0.11094402346623516     
  0.11160159580115035     
  0.11242583166730209     
  0.11357192946800090     
  0.11476744615050083     
  0.11599764457356600     
  0.11721882658066290     
  0.11841141849571969     
  0.11952765556944753     
  0.12027708185198828     
  0.12131515132684739     
  0.12247296097890942     
  0.12360959086199814     
  0.12472568873503388     
  0.12575808201307301     
  0.12685929542062216     
  0.12793995684635220     
  0.12903277170318628     
  0.13009892468375406     
  0.13116815330647935     
  0.13219405098254874     
  0.13316915852150715     
  0.13409860933823800     
  0.13495932482311504     
  0.13579656544178345     
  0.13659584855271506     
  0.13742152717255915     
  0.13820213063673373     
  0.13893273877141232     
  0.13954448242061560     
  0.14003088703832811     
  0.14043737946416437     
  0.14083546386015625     
  0.14125535272135215     
  0.14169145521431284     
  0.14212871068005303     
  0.14253593343393745     
  0.14288214596741505     
  0.14319725525494412     
  0.14347158663796170     
  0.14373096128721174     
  0.14395818330705440     
  0.14417102592496461     
  0.14438918520084174     
  0.14454752158924736     
  0.14467950206333963     
  0.14480959871431126     
  0.14494591269385276     
  0.14505477751441936     
  0.14517176867618634     
  0.14528035330860206     
  0.14537232766274977     
  0.14547800753242612     
  0.14562178595585853     
  0.14591183239965810     
  0.14663205037748686     
  0.14660222188457336     
  0.14653308109159438     
  0.14735617184290703     
  0.14892219147724395     
  0.14881920724948178     
  0.14733273522076124     
  0.14476708553835541     
  0.14151843661571503     
  0.13910608786267792     
  0.13749967353414996     
  0.13702546730340939     
  0.13595640380854840     
  0.13337306065507834     
  0.13047433481461215     
  0.12826455503121192     
  0.12629064665245962     
  0.12447104497231541     
  0.12283728158848534     
  0.12125198706035878     
  0.11920445720482763     
  0.11716109885654051     
  0.11560418951056417     
  0.11423922523041742     
  0.11294413591240243     
  0.11175298491462773     
  0.11065582186181827     
  0.10963209312531053     
  0.10880153349438791     
  0.10843808340250569     
  0.10903760175213317     
  0.10922227332989490     
  0.10788929238598498     
  0.10578389908876012     
  0.10418590700878810     
  0.10316444923237965     
  0.10237603261908172     
  0.10181057594167975     
  0.10148534195430310     
  0.10131626665299855     
  0.10079376027173695     
  0.10039167002987368     
  0.10040793424143825     
  0.10088148437148392     
  0.10150394216612739     
  0.10222600563982637     
  0.10261652350651136     
  0.10301940858934847     
  0.10379006675716740     
  0.10487923237159361     
  0.10607033663067369     
  0.10738823143960342     
  0.10876055877407553     
  0.11012685058916534     
  0.11158186706727771     
  0.11305379269326252     
  0.11461841014285401     
  0.11621309068744594     
  0.11776350735247103     
  0.11940542236986533     
  0.12106310305586700     
  0.12275180423634503     
  0.12430938459861150     
  0.12565257815849895     
  0.12670778987421025     
  0.12773626967312865     
  0.12870348783717545     
  0.12969205618523452     
  0.13064952522370801     
  0.13161508214621448     
  0.13252593969112739     
  0.13330836045328479     
  0.13408931524934189     
  0.13486482069915640     
  0.13568944291390353     
  0.13652733120822844     
  0.13733625920663978     
  0.13817108818087473     
  0.13903057538847102     
  0.13998232517132900     
  0.14098713243854524     
  0.14198980829155955     
  0.14293924251667353     
  0.14381385781862666     
  0.14458803686888033     
  0.14525490390497420     
  0.14587111567516961     
  0.14651004498494591     
  0.14721019646109978     
  0.14808683790082139     
  0.14945838288912708     
  0.15063300190661802     
  0.15211293436123144     
  0.15392888632861282     
  0.15404114759264523     
  0.15350973971871745     
  0.15351655360671221     
  0.15378558817586782     
  0.15423987173739517     
  0.15478534078984796     
  0.15542260086811888     
  0.15639432925642785     
  0.15841704961816477     
  0.15974800273368356     
  0.15955953324687924     
  0.15855739523048956     
  0.15801988288579166     
  0.15788937975387587     
  0.15794396922650178     
  0.15772019868155368     
  0.15719044156003129     
  0.15700208848653208     
  0.15715570667820364     
  0.15751349718789798     
  0.15869387646127445     
  0.15989349694885818     
  0.15988979424264829     
  0.15897575610204839     
  0.15731441610649316     
  0.15561298606978793     
  0.15440597940897205     
  0.15343605937271113     
  0.15255759970238009     
  0.15173503640666722     
  0.15096079693896974     
  0.15016809495091657     
  0.14937175178893858     
  0.14853564130472194     
  0.14770392759370951     
  0.14691644167283016     
  0.14612386637524366     
  0.14519222126800513     
  0.14399888536854247     
  0.14286645075113991     
  0.14199515419072783     
  0.14115556569047702     
  0.14000151382451451     
  0.13892935407992604     
  0.13802777245443040     
  0.13738335359398426     
  0.13676980669825442     
  0.13610061287128505     
  0.13551626626215030     
  0.13498446138603964     
  0.13451750236181714     
  0.13415236339567960     
  0.13371721797240263     
  0.13295648460416734     
  0.13217151280242165     
  0.13147450243957287     
  0.13101689289718429     
  0.13070410065624272     
  0.13044227209301204     
  0.13023554249134242     
  0.13009785284117756     
  0.12998697141847543     
  0.12992094706261675     
  0.12989121627251776     
  0.12994717555938803     
  0.13004711091554744     
  0.13023612171955334     
  0.13049024496230760     
  0.13079585999203963     
  0.13113862553508385     
  0.13145599120752099     
  0.13174680176256781     
  0.13203821945047581     
  0.13235373907054765     
  0.13272083804399912     
  0.13314124627445195     
  0.13358570305412151     
  0.13408025139503524     
  0.13465780934514068     
  0.13527713071320624     
  0.13592476769301434     
  0.13664927501928478     
  0.13752515245805907     
  0.13886792233936890     
  0.14114924061475270     
  0.14333027820018551     
  0.14478577057235151     
  0.14391512247528576     
  0.14232588452389708     
  0.14117829370614868     
  0.14077595855175054     
  0.14073194648910031     
  0.14087332583087975     
  0.14116324957255785     
  0.14161094521844844     
  0.14214653922164566     
  0.14277944116286612     
  0.14349391666198844     
  0.14430294991996567     
  0.14528471657238165     
  0.14681352643350204     
  0.14926788038007299     
  0.15052552766264024     
  0.15045599211178895     
  0.14973617687842755     
  0.14960520012312517     
  0.14987701327703717     
  0.15005416113031142     
  0.14981916154054101     
  0.14972079568107430     
  0.14991789207123735     
  0.15053111279415773     
  0.15123904334811478     
  0.15191981771673924     
  0.15256222151807985     
  0.15320126647726720     
  0.15390576392413771     
  0.15502266223346495     
  0.15606751640701452     
  0.15572062320210092     
  0.15565019982497255     
  0.15578935012985279     
  0.15598837926866671     
  0.15624267743029571     
  0.15648932721786529     
  0.15672876988144391     
  0.15699290002395364     
  0.15722264496477401     
  0.15746127402712135     
  0.15769437109773238     
  0.15800906393164510     
  0.15825747254346656     
  0.15844506675420925     
  0.15845047114789071     
  0.15846462259392044     
  0.15876783938827882     
  0.15915123730672037     
  0.15961763049166230     
  0.16012585609643634     
  0.16068108657004171     
  0.16126386815979044     
  0.16182670042252459     
  0.16237752577797498     
  0.16289390684827543     
  0.16325341712715841     
  0.16346808119430867     
  0.16362287563102421     
  0.16374079552164914     
  0.16386000309007204     
  0.16399177713265742     
  0.16412521716638506     
  0.16426599152345062     
  0.16447886961593761     
  0.16470785349494774     
  0.16496133283383904     
  0.16521961893997383     
  0.16550075749856547     
  0.16577785028881784     
  0.16604033758238201     
  0.16625162028645779     
  0.16638035148717464     
  0.16642479015843706     
  0.16640851784007976     
  0.16636617688046082     
  0.16633543387247071     
  0.16629462549304413     
  0.16622395640501347     
  0.16612127187690484     
  0.16596889716074606     
  0.16584316385469255     
  0.16568724998582687     
  0.16552405387568681     
  0.16539384635808985     
  0.16523832777988912     
  0.16512133475839533     
  0.16500220997114562     
  0.16516719674829594     
  0.16594887485690848     
  0.16552044299289087     
  0.16525187848118775     
  0.16587505900873209     
  0.16548525911349279     
  0.16432222121251994     
  0.16244022743695921     
  0.16025765600415032     
  0.15861720518449385     
  0.15725012354421833     
  0.15608329121477757     
  0.15518401834409082     
  0.15471136342546016     
  0.15534190362543271     
  0.15597447426905964     
  0.15536710021836647     
  0.15412141751978570     
  0.15241420652909654     
  0.15036258543937087     
  0.14798054908303609     
  0.14519640704859191     
  0.14185715631147763     
  0.13861797367867004     
  0.13593216754282325     
  0.13355627846353091     
  0.13164606779003726     
  0.13012226982631178     
  0.12897111789941126     
  0.12816360143451092     
  0.12766802199067495     
  0.12745604208055009     
  0.12753669238005153     
  0.12813893732707798     
  0.12900429052722792     
  0.12992488898735366     
  0.13094619790075418     
  0.13217138781411192     
  0.13416941656226181     
  0.13545522113444808     
  0.13562551108940044     
  0.13604257041634632     
  0.13660761562649143     
  0.13740411428106361     
  0.13824085937378611     
  0.13909256693081257     
  0.13994253852640276     
  0.14079860152659057     
  0.14167587741689866     
  0.14256800278242526     
  0.14345588934517434     
  0.14433576422929423     
  0.14521389454647948     
  0.14608126911117797     
  0.14694802727412309     
  0.14781773254606803     
  0.14869706073429445     
  0.14959978386484049     
  0.15054413939447500     
  0.15155031864210763     
  0.15243860180386415     
  0.15295091687333079     
  0.15338013017986035     
  0.15372808567948437     
  0.15403230069907220     
  0.15447620899814413     
  0.15501797794985467     
  0.15557401617307429     
  0.15616646379857482     
  0.15678445266851085     
  0.15743867792354099     
  0.15814926012249894     
  0.15894913617392803     
  0.15980900039275614     
  0.16070030579438990     
  0.16153967620177750     
  0.16226970963641510     
  0.16284504608447584     
  0.16326309345279036     
  0.16356057957394091     
  0.16376608169775081     
  0.16391153131087377     
  0.16399951734816004     
  0.16410675321582366     
  0.16423521646425199     
  0.16437709594888686     
  0.16461666360386992     
  0.16498397659146369     
  0.16552933330336200     
  0.16623102491895461     
  0.16712037136416047     
  0.16811447136127980     
  0.16921950881752987     
  0.17043980145441293     
  0.17173858898837874     
  0.17331667926941297     
  0.17585902509364856     
  0.17843380276083626     
  0.17920015217170113     
  0.17882792782758114     
  0.17877534841181603     
  0.17959058999163494     
  0.17973752996245956     
  0.17933221460993093     
  0.17923985947741533     
  0.17922225689871371     
  0.17916535302490158     
  0.17915888242038630     
  0.17903256480836391     
  0.17892570034643790     
  0.17892144310404479     
  0.17950271062528295     
  0.18106803123014514     
  0.18118218492987551     
  0.18019280382692970     
  0.17853476328868209     
  0.17634626349553173     
  0.17371150508764199     
  0.17064301316279887     
  0.16719260106602019     
  0.16330866028700622     
  0.15835959775002020     
  0.15279814367966624     
  0.14818970661465025     
  0.14421591493699737     
  0.14064557931156216     
  0.13742842221204865     
  0.13455319728613885     
  0.13208199288248970     
  0.13010053621141107     
  0.12917100759699066     
  0.12779635049468308     
  0.12613679114588583     
  0.12442233991398606     
  0.12285167429698787     
  0.12140743434804203     
  0.12028696520156298     
  0.11960007615198774     
  0.11912077915586852     
  0.11876720919051795     
  0.11847022034517106     
  0.11827415085295974     
  0.11817895117076789     
  0.11814702639426597     
  0.11821261371235328     
  0.11832018989280646     
  0.11851668037766905     
  0.11881117252281646     
  0.11917932715891445     
  0.11956137807862849     
  0.12002123827124146     
  0.12053829202548545     
  0.12108207915850197     
  0.12166771254351653     
  0.12230790423493924     
  0.12299480550296661     
  0.12373914659659782     
  0.12455490899323078     
  0.12512966498662792     
  0.12586079210162124     
  0.12672936988513067     
  0.12763281978085150     
  0.12857763414646545     
  0.12951786611022689     
  0.13046937270587766     
  0.13142764252767467     
  0.13244295892678629     
  0.13349270934094390     
  0.13453399626214363     
  0.13565984598700270     
  0.13676100243653216     
  0.13783411788772051     
  0.13897640224808513     
  0.14013035166571264     
  0.14129747841882195     
  0.14247348626038281     
  0.14359758888574800     
  0.14466429995063040     
  0.14556528169532684     
  0.14626054263514593     
  0.14673754650507012     
  0.14700424323181033     
  0.14710142595674155     
  0.14709592452925285     
  0.14699478728841861     
  0.14685099291769962     
  0.14666337264397017     
  0.14651484214180618     
  0.14657055657478513     
  0.14723812914301804     
  0.14714446983857787     
  0.14595805714650367     
  0.14522297010338958     
  0.14476457773803864     
  0.14444256219324864     
  0.14422378950374223     
  0.14412743755827376     
  0.14414944673754349     
  0.14431576544996377     
  0.14464631375195594     
  0.14514959771032263     
  0.14580405377668013     
  0.14662468248149188     
  0.14764078710972967     
  0.14885337984931790     
  0.15045402385097403     
  0.15294744734819252     
  0.15528525382210967     
  0.15642900573237195     
  0.15671152512701716     
  0.15678857749377795     
  0.15730463963958263     
  0.15799032993115183     
  0.15836651376261340     
  0.15855520416618321     
  0.15895988259866420     
  0.15991406238896327     
  0.16122656502742014     
  0.16167317925844571     
  0.16188229378866179     
  0.16232152101849262     
  0.16279431074746259     
  0.16326312188660147     
  0.16365031238380598     
  0.16395579984162445     
  0.16422535080409528     
  0.16440356958751035     
  0.16454738208878772     
  0.16438041293921643     
  0.16403373917646408     
  0.16387761422553002     
  0.16342113619259688     
  0.16282608078567051     
  0.16228843862584849     
  0.16187769004227526     
  0.16139935467397332     
  0.16095145074402656     
  0.16039687206465297     
  0.15979270496772988     
  0.15910560853330805     
  0.15843862594277400     
  0.15774248808199132     
  0.15696401301292420     
  0.15616641028999181     
  0.15528564184276719     
  0.15434795252834305     
  0.15331609821440820     
  0.15221971169346782     
  0.15110035399697114     
  0.14991431884803968     
  0.14876031717741095     
  0.14760327733551037     
  0.14645678515237059     
  0.14531216958399745     
  0.14419493806057240     
  0.14305989677343689     
  0.14199197021725762     
  0.14092821618901530     
  0.13992701601446922     
  0.13893373091127043     
  0.13798999724540936     
  0.13706264162851214     
  0.13619388618958603     
  0.13536497942089851     
  0.13459233608434171     
  0.13388651235740795     
  0.13328598087874421     
  0.13277777870304530     
  0.13239373429620188     
  0.13210748882507281     
  0.13195635880558274     
  0.13189395228773443     
  0.13186366313999712     
  0.13189886592447198     
  0.13206567332366156     
  0.13275894237078467     
  0.13485752421042488     
  0.13534399179950649     
  0.13379285483216555     
  0.13280361766820362     
  0.13258234373393704     
  0.13267546863739971     
  0.13293142646382150     
  0.13336130576236460     
  0.13390083744021242     
  0.13456033567594258     
  0.13527389983919016     
  0.13608532598053463     
  0.13718352958157462     
  0.13881211469877114     
  0.13959382451748814     
  0.14005114295990848     
  0.14082719789949202     
  0.14173133933873364     
  0.14275642744256842     
  0.14393092320540712     
  0.14509552972487932     
  0.14621530288701950     
  0.14708022202967216     
  0.14804544993739041     
  0.14941550326077604     
  0.15080780587051570     
  0.15225824324214324     
  0.15367766142754655     
  0.15509366469043526     
  0.15653038030944302     
  0.15801868144076961     
  0.15977470272059377     
  0.16253910735431393     
  0.16466730997486675     
  0.16548810552066456     
  0.16544231065027484     
  0.16464704194961000     
  0.16330796706921982     
  0.16265401394403431     
  0.16230679179581434     
  0.16217903364211736     
  0.16212101348824534     
  0.16209396989965441     
  0.16201965465109433     
  0.16170158261080372     
  0.16127585126259694     
  0.16093876526224785     
  0.16067420947529568     
  0.16035046715656306     
  0.16007803064097065     
  0.15980108365572643     
  0.15956595924603570     
  0.15942326814016428     
  0.15937276696045163     
  0.15938885515317486     
  0.15946577770979289     
  0.15952993028281073     
  0.15957830308737481     
  0.15941861295104831     
  0.15899941158244199     
  0.15865477988176629     
  0.15851770230988008     
  0.15847472535805432     
  0.15854214150935356     
  0.15876596405258381     
  0.15915534225937747     
  0.15971066055794084     
  0.16040173226839971     
  0.16118970294567475     
  0.16205965578936884     
  0.16293855853072406     
  0.16381354102208906     
  0.16469571330966662     
  0.16556715601137259     
  0.16643179053902249     
  0.16730105059760825     
  0.16816434393475096     
  0.16900072711923317     
  0.16980766133568523     
  0.17057691333255690     
  0.17128065280482482     
  0.17196963302354501     
  0.17260864553623939     
  0.17315554748521306     
  0.17361412236020707     
  0.17407484322181968     
  0.17446155008914963     
  0.17475154241161775     
  0.17495709929033829     
  0.17509136231217737     
  0.17524031782319477     
  0.17547183727413040     
  0.17658508680255655     
  0.17835419592843182     
  0.17834782708213134     
  0.17739695021406360     
  0.17633270555664440     
  0.17469568283759174     
  0.17126069093418575     
  0.16620902074896524     
  0.16007451971370310     
  0.15473074770903827     
  0.15043819165898481     
  0.14671369126814074     
  0.14339574432525984     
  0.14038986709083778     
  0.13758531218325279     
  0.13504810967782255     
  0.13272607213400286     
  0.13063696750388831     
  0.12887665494959047     
  0.12696751813477325     
  0.12520538768281167     
  0.12369418073060794     
  0.12236512313354989     
  0.12115933852926321     
  0.12009017072738769     
  0.11922024656755301     
  0.11851966898828784     
  0.11796940245377001     
  0.11756494801215266     
  0.11729816993131238     
  0.11714048714181385     
  0.11711120466286506     
  0.11717092274141720     
  0.11732855832236605     
  0.11757173524904832     
  0.11794783223849263     
  0.11841755678095589     
  0.11912850050998293     
  0.12071146475499740     
  0.12280178946311740     
  0.12287209599183316     
  0.12155550610673238     
  0.12003302771811185     
  0.11931888084680911     
  0.11901500038908486     
  0.11897004068027213     
  0.11921988916784360     
  0.11985049725073263     
  0.12053745661733670     
  0.12127306716706501     
  0.12200331736764543     
  0.12274346912202089     
  0.12346011233455936     
  0.12422366168042033     
  0.12495680904979395     
  0.12569202709331950     
  0.12644883714726116     
  0.12726957756206983     
  0.12814142596350805     
  0.12911254230207164     
  0.12975407956077906     
  0.13046624522602523     
  0.13136279033968271     
  0.13245561861732166     
  0.13378579851809977     
  0.13543660848310912     
  0.13711082649683054     
  0.13866453292735589     
  0.13999088116804503     
  0.14098536177815493     
  0.14163520971400140     
  0.14199091731987915     
  0.14216794881889158     
  0.14229329122676201     
  0.14243213078338882     
  0.14256693667095519     
  0.14272356571306352     
  0.14286469306025695     
  0.14297463157189214     
  0.14304499174142910     
  0.14313389376129443     
  0.14320519476219423     
  0.14329725078111369     
  0.14331774790077034     
  0.14328751068713644     
  0.14318168459088917     
  0.14300477417582982     
  0.14280648687927511     
  0.14268748616119614     
  0.14259748322468263     
  0.14256676759671841     
  0.14264093258385513     
  0.14279424846667160     
  0.14299709814820402     
  0.14329910151797032     
  0.14377590423658934     
  0.14444882247845350     
  0.14573219025968071     
  0.14761527135282038     
  0.14879002660290150     
  0.15005389295763882     
  0.15086950736733665     
  0.14934442330410519     
  0.14695416450602070     
  0.14508442156233975     
  0.14388633272501680     
  0.14298286438670552     
  0.14224289700205534     
  0.14162813857061285     
  0.14109755865920617     
  0.14069888133487365     
  0.14051702357862100     
  0.14106235686802993     
  0.14234440566209919     
  0.14240855738613689     
  0.14136034176272047     
  0.13938122999517791     
  0.13672187196299135     
  0.13448716823378304     
  0.13271907872461849     
  0.13113728308713485     
  0.12960051725006799     
  0.12760648931981283     
  0.12560824831524828     
  0.12408897507391396     
  0.12383649856356019     
  0.12388396751731665     
  0.12261097739134272     
  0.12030226347301330     
  0.11728140968590588     
  0.11468223048950628     
  0.11258960771966306     
  0.11074971110973313     
  0.10861696158074502     
  0.10640557326255017     
  0.10437133030794515     
  0.10254381567202378     
  0.10096329257077201     
   9.9687181183036475E-002
   9.8587148257579291E-002
   9.7441575687868376E-002
   9.6483281346842920E-002
   9.5810556296118093E-002
   9.5409221479150888E-002
   9.5300476096104952E-002
   9.5542888146374363E-002
   9.6332888636351768E-002
   9.7265194091853871E-002
   9.8328073623010701E-002
   9.9474996406054214E-002
  0.10072383187754173     
  0.10203689987122791     
  0.10339067787665854     
  0.10473384802460713     
  0.10600926776880264     
  0.10716771287593686     
  0.10819074393314224     
  0.10871699333681126     
  0.10878172396665213     
  0.10876964289330252     
  0.10881239488545473     
  0.10915872355353284     
  0.10976083220692445     
  0.11044766224804843     
  0.11121957400153858     
  0.11202908258745715     
  0.11283276463694729     
  0.11354930298110119     
  0.11412218271969987     
  0.11451958487060117     
  0.11476246229715514     
  0.11491851329240794     
  0.11507347832739621     
  0.11527108323568172     
  0.11549268870244286     
  0.11573804252322059     
  0.11611393482791406     
  0.11656494102681120     
  0.11704680460093003     
  0.11752455980897764     
  0.11797906418437043     
  0.11841541470320954     
  0.11919122930833805     
  0.12110303367461282     
  0.12363123634787375     
  0.12535204107744422     
  0.12500640282205011     
  0.12370914871896886     
  0.12261409827372512     
  0.12139332836201702     
  0.11999313055340315     
  0.11923743934581776     
  0.11899085209790776     
  0.11905205400158916     
  0.11936900126440937     
  0.11990345642044661     
  0.12082462892294307     
  0.12281482344392010     
  0.12418512954258437     
  0.12395636708213388     
  0.12334692454251719     
  0.12320186746264278     
  0.12324400523838630     
  0.12337185856137062     
  0.12356208038704419     
  0.12366395605726913     
  0.12338955324681750     
  0.12331094543246421     
  0.12338313593326047     
  0.12341406512366952     
  0.12343140239567836     
  0.12349310575728539     
  0.12383499562427339     
  0.12536995856609898     
  0.12679280536811816     
  0.12651033847518034     
  0.12527887448441721     
  0.12323341961779219     
  0.12038909841683014     
  0.11803214985117005     
  0.11639646897761081     
  0.11509152279958360     
  0.11397705530525401     
  0.11300276715720771     
  0.11212699361993567     
  0.11133923601545159     
  0.11062954667825571     
  0.10998784346278233     
  0.10942420698539541     
  0.10895721735532891     
  0.10853306408275493     
  0.10805030035281808     
  0.10774689015316607     
