   4.1364122367277635E-002
   3.4811946638621062E-002
   3.1202284733842584E-002
   2.8017703100205873E-002
   2.5100551757375827E-002
   2.2856388679274985E-002
   2.1787733967257420E-002
   2.1090888837934207E-002
   2.0011318956873241E-002
   1.9288561494526794E-002
   1.8734684420786289E-002
   1.8266140188159686E-002
   1.7850461040655762E-002
   1.7376073890420625E-002
   1.6991342957660586E-002
   1.6721953767618290E-002
   1.6468900700246019E-002
   1.6333320740471988E-002
   1.6167585685727660E-002
   1.5965877493725123E-002
   1.5804397844156423E-002
   1.5701894297742082E-002
   1.5629320509670749E-002
   1.5635441288812207E-002
   1.5611209937868853E-002
   1.5384327819071718E-002
   1.5415820055802195E-002
   1.5261264235373172E-002
   1.4740231177364818E-002
   1.4274798555077179E-002
   1.4255153331379385E-002
   1.4305372473896596E-002
   1.4313329497943412E-002
   1.4245950444377199E-002
   1.4216911206413885E-002
   1.4106320390437745E-002
   1.3949498442449009E-002
   1.4173980604678359E-002
   1.6064028717015354E-002
   1.2865011134566782E-002
   1.3038430768864169E-002
   1.3200732040412938E-002
   1.3347531203163046E-002
   1.3516536394267942E-002
   1.3704988575364029E-002
   1.3935880920232756E-002
   1.4234088765191047E-002
   1.4546232017828035E-002
   1.4733409789144060E-002
   1.4804295609495755E-002
   1.4834483004632072E-002
   1.4869327739220952E-002
   1.4932231087431835E-002
   1.5053741265939070E-002
   1.5181067989724831E-002
   1.5291327622556108E-002
   1.5396065116995249E-002
   1.5512049719594309E-002
   1.5605996049324106E-002
   1.5684668200882552E-002
   1.5770319220084195E-002
   1.5893526267852089E-002
   1.6056530051961674E-002
   1.6267444777077988E-002
   1.6491808178064213E-002
   1.6701733309007049E-002
   1.6890510927266216E-002
   1.7036437869327604E-002
   1.7178831185754140E-002
   1.7343362639528910E-002
   1.7545279396699198E-002
   1.7775108069550783E-002
   1.8021879177658167E-002
   1.8324385562195872E-002
   1.8697991077463626E-002
   1.9052683204998588E-002
   1.9279941975074537E-002
   1.9410077764186500E-002
   1.9460553062151206E-002
   1.9458198981755506E-002
   1.9485927178577240E-002
   1.9567126038930439E-002
   1.9642157412042782E-002
   1.9712563085524767E-002
   1.9712334077286602E-002
   1.9572766629715188E-002
   1.9334260246561694E-002
   1.9051574851339192E-002
   1.8749872670352181E-002
   1.8442961296060059E-002
   1.8121421771157633E-002
   1.7779467726068962E-002
   1.7484296302497745E-002
   1.7254855456049364E-002
   1.7059621404835090E-002
   1.6918263619518800E-002
   1.6791300206171245E-002
   1.6640584119660264E-002
   1.6469584520129345E-002
   1.6294990817826486E-002
   1.6139384962273878E-002
   1.6061219888314517E-002
   1.6189635601471374E-002
   1.6867472891807542E-002
   1.6341479953183344E-002
   1.5912989155082390E-002
   1.5693461484893562E-002
   1.5567789211299192E-002
   1.5506276089160919E-002
   1.5484556597019800E-002
   1.5500136729978362E-002
   1.5561634010179969E-002
   1.5656049449909896E-002
   1.5768006188310479E-002
   1.5905102094770883E-002
   1.6064583940161314E-002
   1.6242985146944194E-002
   1.6422688912722565E-002
   1.6574453719714454E-002
   1.6726788589038949E-002
   1.6904291370170584E-002
   1.7061773155696798E-002
   1.7193324449328567E-002
   1.7327158678369162E-002
   1.7451162294056376E-002
   1.7523726968039399E-002
   1.7530571935729631E-002
   1.7508648546009961E-002
   1.7476634829421907E-002
   1.7441640610087870E-002
   1.7414295109607562E-002
   1.7384456663519069E-002
   1.7525336785940052E-002
   1.7530953079001117E-002
   1.7499441251918588E-002
   1.7094889385509938E-002
   1.6814826689060879E-002
   1.6634684224013145E-002
   1.6477491103429765E-002
   1.6290947013095115E-002
   1.6144123645420418E-002
   1.6066967363455385E-002
   1.6069730275682412E-002
   1.6046355562576501E-002
   1.6035657011282588E-002
   1.5777513191258603E-002
   1.5922470934853838E-002
   1.6121303835125288E-002
   1.6345571941897410E-002
   1.6573392758607492E-002
   1.6843089586333862E-002
   1.7121654327393144E-002
   1.7435274310870278E-002
   1.7702475212961592E-002
   1.7949653909111830E-002
   1.8164076095120437E-002
   1.8397265851762969E-002
   1.8699640761099010E-002
   1.9034087185854281E-002
   1.9374547926095647E-002
   1.9739852545203367E-002
   2.0079342984423307E-002
   2.0392142782367395E-002
   2.0670296308810839E-002
   2.0938154367159120E-002
   2.1191038627822460E-002
   2.1444377939102088E-002
   2.1691746730231051E-002
   2.1961421924374506E-002
   2.2227486447460833E-002
   2.2457604681535532E-002
   2.2628280934711992E-002
   2.2750925508487316E-002
   2.2874290240823016E-002
   2.3038580162018842E-002
   2.3144387900586993E-002
   2.3378111807394471E-002
   2.3643764718628970E-002
   2.3932137528359293E-002
   2.4235758927115103E-002
   2.4581266012328542E-002
   2.4906913331353888E-002
   2.5267359691565409E-002
   2.5650415414759920E-002
   2.6032027633533218E-002
   2.6414167467104895E-002
   2.6821603754197704E-002
   2.7163227842572357E-002
   2.7527200091080378E-002
   2.7916151450768336E-002
   2.8305218724710309E-002
   2.8636704651999235E-002
   2.8898851998035394E-002
   2.9137097847175553E-002
   2.9388018097273986E-002
   2.9649110694852192E-002
   2.9923307377569187E-002
   3.0224456267999050E-002
   3.0629206402788191E-002
   3.1655930963617351E-002
   3.1511342479931780E-002
   3.0637868976486366E-002
   3.0246831530340256E-002
   3.0006342791137647E-002
   2.9763931332753811E-002
   2.9512703665805454E-002
   2.9275958123298463E-002
   2.9036098412397317E-002
   2.8763353490321181E-002
   2.8444865356844849E-002
   2.8082468639145007E-002
   2.7731100685773662E-002
   2.7404488810362459E-002
   2.7092579072701860E-002
   2.6795121118673521E-002
   2.6487710083919761E-002
   2.6144228837397622E-002
   2.5770276643827271E-002
   2.5409803583852666E-002
   2.5071466938688378E-002
   2.4740036226694549E-002
   2.4396583120331546E-002
   2.4032588192625513E-002
   2.3657155117858281E-002
   2.3274845211334546E-002
   2.2897540751856578E-002
   2.2542688199537010E-002
   2.2217322650936917E-002
   2.1915320023253578E-002
   2.1634468626385767E-002
   2.1370824472762312E-002
   2.1118832355449875E-002
   2.0889887230485533E-002
   2.0682468025297027E-002
   2.0503295674020539E-002
   2.0364856134745802E-002
   2.0256586022636622E-002
   2.0176722169557713E-002
   2.0128733535009279E-002
   2.0112078028270201E-002
   2.0134041931573549E-002
   2.0255848519551860E-002
   2.0256307687497456E-002
   2.0219585961894330E-002
   2.0199221655876221E-002
   2.0196534866648314E-002
   2.0204689329838176E-002
   2.0241724408467970E-002
   2.0323538948033425E-002
   2.0444109833742879E-002
   2.0596081705631108E-002
   2.0775135432523920E-002
   2.1013777195279561E-002
   2.1329847851681360E-002
   2.1682738095558565E-002
   2.2011001058560544E-002
   2.2284474995457524E-002
   2.2534990076198563E-002
   2.2807934742843840E-002
   2.3090099238452406E-002
   2.3387655829922832E-002
   2.3737517112046913E-002
   2.4089568566985610E-002
   2.4396129335454830E-002
   2.4644502725397283E-002
   2.4880741752032334E-002
   2.5130139011770431E-002
   2.5327079174931648E-002
   2.5547093510560146E-002
   2.5764543982945320E-002
   2.6019502173982332E-002
   2.6302374765147563E-002
   2.6581403397759946E-002
   2.6838732619507383E-002
   2.7056310889200394E-002
   2.7243297706286043E-002
   2.7449740179940924E-002
   2.7675970447201888E-002
   2.7901907063636124E-002
   2.8129943820125035E-002
   2.8373926285968520E-002
   2.8635834837066755E-002
   2.8914326485991237E-002
   2.9179553371835382E-002
   2.9436182007678547E-002
   2.9709537422355665E-002
   3.0038643534004816E-002
   3.0376412584570505E-002
   3.0626448681399979E-002
   3.0966075563081751E-002
   3.1355628294541672E-002
   3.1761800367039246E-002
   3.2176185657057182E-002
   3.2613406316413421E-002
   3.3074106801597239E-002
   3.3581921625469038E-002
   3.4325627787465451E-002
   3.5324857480808221E-002
   3.5185144352344683E-002
   3.5389117131615244E-002
   3.5687264310152199E-002
   3.6002383834488283E-002
   3.6329550573160570E-002
   3.6679440027793955E-002
   3.7052788782239214E-002
   3.7319166526678944E-002
   3.7655460157019656E-002
   3.7963975175761708E-002
   3.8265879060732103E-002
   3.8544001456213901E-002
   3.8800617545354438E-002
   3.9048324753466063E-002
   3.9270072216890016E-002
   3.9472747311731400E-002
   3.9637099043118650E-002
   3.9774775902646768E-002
   3.9926482104675101E-002
   4.0095502400497203E-002
   4.0260657833467224E-002
   4.0408261997238362E-002
   4.0543073490911144E-002
   4.0690687011390163E-002
   4.0856872308281222E-002
   4.1021724629759372E-002
   4.1166927670770806E-002
   4.1268764948178473E-002
   4.1340764363446712E-002
   4.1409657103996723E-002
   4.1472534421385876E-002
   4.1533650787492403E-002
   4.1601603685560297E-002
   4.1711493051168128E-002
   4.1682065604974117E-002
   4.1597404732304215E-002
   4.1580035165269362E-002
   4.1587914736482406E-002
   4.1580356712614251E-002
   4.1516050181319014E-002
   4.1428556405491507E-002
   4.1391654769434350E-002
   4.1391739310387705E-002
   4.1403246044153262E-002
   4.1413469344313565E-002
   4.1406994473621402E-002
   4.1405657990931787E-002
   4.1421581004105187E-002
   4.1436507162720307E-002
   4.1429930491995608E-002
   4.1382878106372985E-002
   4.1305751532086418E-002
   4.1220379572016269E-002
   4.1136513914770259E-002
   4.1050790125548700E-002
   4.0959628644511435E-002
   4.0871824805225894E-002
   4.0798037804923241E-002
   4.0721503241225733E-002
   4.0626016933001649E-002
   4.0520186771000229E-002
   4.0409608909842881E-002
   4.0297460669765639E-002
   4.0176424538008841E-002
   4.0050583601548506E-002
   3.9954863648629706E-002
   3.9893363457988364E-002
   3.9837430074713680E-002
   3.9779376163022434E-002
   3.9754851145354479E-002
   3.9954882983134772E-002
   4.0266477261691594E-002
   3.9698396361424665E-002
   3.9515685889082830E-002
   3.9445430495428736E-002
   3.9424587515999608E-002
   3.9417481543723952E-002
   3.9430269766648235E-002
   3.9475740511916976E-002
   3.9540757164476213E-002
   3.9607271441524698E-002
   3.9684564824179973E-002
   3.9820325515298023E-002
   4.0149745975591553E-002
   4.1276243177705917E-002
   4.1529199327262498E-002
   4.0752488022431893E-002
   4.0536004732685947E-002
   4.0535182517318358E-002
   4.0582458416392977E-002
   4.0591654944321175E-002
   4.0661023309741806E-002
   4.0744542339947731E-002
   4.0873162491766542E-002
   4.1089399202472884E-002
   4.1180787601648436E-002
   4.1049966882934330E-002
   4.1346447956173843E-002
   4.1556029011329078E-002
   4.1847986761722043E-002
   4.2177625967951278E-002
   4.2519017668206760E-002
   4.2844666103438685E-002
   4.3135555178603978E-002
   4.3396478846642793E-002
   4.3663016224471503E-002
   4.3957612229072712E-002
   4.4276642617915668E-002
   4.4598575527168484E-002
   4.4928679290943539E-002
   4.5269865014158382E-002
   4.5596360230537904E-002
   4.5898539391467597E-002
   4.6201006557415457E-002
   4.6525481679021041E-002
   4.6840361644391509E-002
   4.7068877707660647E-002
   4.7320704987898712E-002
   4.7574577034835204E-002
   4.7814099231427161E-002
   4.8030478642285671E-002
   4.8275453366884526E-002
   4.8564534278332565E-002
   4.8828899010207531E-002
   4.9034598842168452E-002
   4.9206946751369017E-002
   4.9391970794584440E-002
   4.9591169215044147E-002
   4.9791842308843710E-002
   4.9966593344207173E-002
   5.0102799515997276E-002
   5.0228652428032740E-002
   5.0383311524028765E-002
   5.0571379753446492E-002
   5.0768551620173137E-002
   5.0946642811254543E-002
   5.1095643852778136E-002
   5.1245379537101010E-002
   5.1439325619523329E-002
   5.1699025092362565E-002
   5.2006746974764949E-002
   5.2341081754992275E-002
   5.2704729600508093E-002
   5.3111811194983601E-002
   5.3572960181225281E-002
   5.4078011694152182E-002
   5.4613966005307990E-002
   5.5164012547559829E-002
   5.5732141081234435E-002
   5.6332986068315355E-002
   5.6974351963761632E-002
   5.7639943508320565E-002
   5.8300893483700170E-002
   5.8931069819803006E-002
   5.9498871750356050E-002
   6.0011572248230602E-002
   6.0502776343282404E-002
   6.0972305037683992E-002
   6.1429828156934992E-002
   6.1893525493106546E-002
   6.2352689038753684E-002
   6.2814959472252810E-002
   6.3290195735643595E-002
   6.3770710789515295E-002
   6.4245020706040407E-002
   6.4717639450574821E-002
   6.5340544103203377E-002
   6.6478364465700129E-002
   6.6386439241409412E-002
   6.6361272187478310E-002
   6.6501654050874381E-002
   6.6625449543651544E-002
   6.6756104696931134E-002
   6.6906154040904289E-002
   6.7049808541650838E-002
   6.7174150241118669E-002
   6.7284878149321783E-002
   6.7388092112062689E-002
   6.7484128500246834E-002
   6.7568616229851580E-002
   6.7638417525090019E-002
   6.7694461021247432E-002
   6.7738572827695062E-002
   6.7770743500798439E-002
   6.7791339919941518E-002
   6.7810820963573756E-002
   6.7892218586904973E-002
   6.8517409379921734E-002
   6.8661244573058805E-002
   6.7704299327148401E-002
   6.7221749070488668E-002
   6.6836008820513049E-002
   6.6496052645437689E-002
   6.6197353246826046E-002
   6.5961335355146519E-002
   6.5892430403805421E-002
   6.6455020560536565E-002
   6.7652445791817728E-002
   6.6084626778784988E-002
   6.4626940990162321E-002
   6.3935006085632004E-002
   6.3562120129946345E-002
   6.3292126809922425E-002
   6.3094910873770199E-002
   6.2958110881257981E-002
   6.2864609288148493E-002
   6.2791691940800157E-002
   6.2723893813091333E-002
   6.2655084623201490E-002
   6.2594499059852468E-002
   6.2546889099938177E-002
   6.2516677700126991E-002
   6.2499266343676176E-002
   6.2488893004635053E-002
   6.2490982241028815E-002
   6.2510489037161943E-002
   6.2547038680499462E-002
   6.2597320621294861E-002
   6.2652372439437123E-002
   6.2697602896767748E-002
   6.2731811745067673E-002
   6.2767621197211326E-002
   6.2812601718161706E-002
   6.2867039229497754E-002
   6.2930233730317517E-002
   6.3001312927906505E-002
   6.3074796721483528E-002
   6.3150767299199217E-002
   6.3242993387959717E-002
   6.3316283085602887E-002
   6.3406825366763050E-002
   6.3503766310089541E-002
   6.3611298393658283E-002
   6.3753637625402301E-002
   6.3929767760611017E-002
   6.4132371028862781E-002
   6.4348890715684226E-002
   6.4576736680859462E-002
   6.4826593454028261E-002
   6.5101496388618854E-002
   6.5401983243582512E-002
   6.5720398638628039E-002
   6.6046732267392244E-002
   6.6377925574059804E-002
   6.6715425253789248E-002
   6.7065495619388668E-002
   6.7430194580790581E-002
   6.7816955109750970E-002
   6.8226332689150265E-002
   6.8655604677905546E-002
   6.9127653230368388E-002
   6.9667670482440047E-002
   7.0281118999717979E-002
   7.0954295214736396E-002
   7.1644121323559365E-002
   7.2277407572234123E-002
   7.2788020891575184E-002
   7.3188438902979797E-002
   7.3719390206932203E-002
   7.4474695845389086E-002
   7.4340524034340175E-002
   7.4525579400174138E-002
   7.4858686042281311E-002
   7.5286200542324100E-002
   7.5767459041236898E-002
   7.6283269047808827E-002
   7.6839951666420034E-002
   7.7420382764569584E-002
   7.8018060205218870E-002
   7.8617427255303490E-002
   7.9197410670815413E-002
   7.9796189718954108E-002
   8.0421331075459082E-002
   8.1065343153152308E-002
   8.1726102036127082E-002
   8.2374431588769850E-002
   8.2985842142233118E-002
   8.3570965765406305E-002
   8.4144312689069981E-002
   8.4713622186094295E-002
   8.5276845163403558E-002
   8.5803278754379583E-002
   8.6275319031973774E-002
   8.6736826345006249E-002
   8.7224044719878255E-002
   8.7725514197006554E-002
   8.8233326783528895E-002
   8.8801247580892487E-002
   8.9763383093503193E-002
   9.2357612535425904E-002
   9.4103444954764512E-002
   9.3148996371392540E-002
   9.0748342055401540E-002
   8.9152392758806695E-002
   8.8241857043541580E-002
   8.7652000288293175E-002
   8.7249710682203024E-002
   8.6959947399742749E-002
   8.6765270643035769E-002
   8.6639069941889010E-002
   8.6377859677011129E-002
   8.6288766095616407E-002
   8.6325371273945406E-002
   8.6409465688085649E-002
   8.6539166024362860E-002
   8.6714500896694038E-002
   8.6928023651070538E-002
   8.7170482929829499E-002
   8.7442739391093566E-002
   8.7739947682152764E-002
   8.8060940469703697E-002
   8.8395970716897546E-002
   8.8735316107752579E-002
   8.9087461015110059E-002
   8.9455986716986347E-002
   8.9444922905700233E-002
   8.9598679630510589E-002
   8.9941763007667333E-002
   9.0282871516575131E-002
   9.0612484854565814E-002
   9.0916564293034088E-002
   9.1193113121647296E-002
   9.1451790183002341E-002
   9.1696884939860210E-002
   9.1925056830065188E-002
   9.2133248922177738E-002
   9.2327129606368796E-002
   9.2500434933517825E-002
   9.2647838839021862E-002
   9.2773492375553060E-002
   9.2876240922280612E-002
   9.2949986942852170E-002
   9.2995031651197518E-002
   9.3013957181099630E-002
   9.3003274079863057E-002
   9.2960778606893016E-002
   9.2890374182417135E-002
   9.2794211191226258E-002
   9.2670589733635997E-002
   9.2528179151092724E-002
   9.2363681925094143E-002
   9.2176536803712100E-002
   9.1983364153478367E-002
   9.1797769094977166E-002
   9.1649561884349820E-002
   9.1617045383860646E-002
   9.1315169205687871E-002
   9.1062990538501518E-002
   9.0882393859621213E-002
   9.0790556876639714E-002
   9.0976141191490778E-002
   9.1459081605023709E-002
   9.0745487698103006E-002
   9.0084665073347003E-002
   8.9660176056713128E-002
   8.9343496713429518E-002
   8.9107038551550166E-002
   8.8934056260219413E-002
   8.8816154747671475E-002
   8.8749865216927015E-002
   8.8729535377869373E-002
   8.8754057173203810E-002
   8.8821460004193803E-002
   8.8915401603355051E-002
   8.9030996688025665E-002
   8.9169089133041918E-002
   8.9333887897623185E-002
   8.9531645777340088E-002
   8.9755063484735775E-002
   8.9998919882446085E-002
   9.0257650389656774E-002
   9.0531513677951508E-002
   9.0826053039316040E-002
   9.1138829505521365E-002
   9.1478149340656068E-002
   9.1856639396126788E-002
   9.2304028605885630E-002
   9.2961572387077501E-002
   9.3819788496201165E-002
   9.4105826827955832E-002
   9.5131269095039911E-002
   9.6935367012101453E-002
   9.6990853188488060E-002
   9.6048233404024352E-002
   9.5702957966858487E-002
   9.5634742175488743E-002
   9.5708874559959717E-002
   9.5829734098755157E-002
   9.5738697109757784E-002
   9.5841356083808851E-002
   9.6043226917911256E-002
   9.6253464940255204E-002
   9.6488284268781005E-002
   9.6744260299030868E-002
   9.7008651728737114E-002
   9.7276395701704196E-002
   9.7548932399280142E-002
   9.7838972925457152E-002
   9.8135389574508722E-002
   9.8439010392455978E-002
   9.8749281413410064E-002
   9.9061044118771882E-002
   9.9385494948640477E-002
   9.9734876202534656E-002
  0.10010612074289994     
  0.10047996985247870     
  0.10083927057635311     
  0.10077995450950604     
  0.10079928749022897     
  0.10110976232016609     
  0.10145370401317287     
  0.10183352408434256     
  0.10225255832957772     
  0.10270112835859171     
  0.10317812789095161     
  0.10367080885655514     
  0.10417117631424291     
  0.10468248451663784     
  0.10520634132420882     
  0.10573912414368200     
  0.10628150083571723     
  0.10683101976588884     
  0.10739352558809724     
  0.10797969022459712     
  0.10859173598009586     
  0.10923109395064524     
  0.10989026181963889     
  0.11056242915965797     
  0.11124751785308122     
  0.11194869823228838     
  0.11267167637222664     
  0.11342091775783063     
  0.11419685598258551     
  0.11500174296907413     
  0.11582512445579432     
  0.11665298762343429     
  0.11748217415890208     
  0.11838499029860547     
  0.11961609110560655     
  0.12024155740950342     
  0.12042763027271991     
  0.12108227741146332     
  0.12289880677727431     
  0.12502105055268162     
  0.12439407057530852     
  0.12257953297693311     
  0.12175402801936357     
  0.12137800742246231     
  0.12120296419752261     
  0.12115302089911965     
  0.12117597696307700     
  0.12123463616413967     
  0.12132414559060030     
  0.12144008296398938     
  0.12156806546334119     
  0.12170181579854787     
  0.12183535073437513     
  0.12196737300824004     
  0.12210539969093764     
  0.12224379976523461     
  0.12237288832560488     
  0.12249785630087202     
  0.12261289556146028     
  0.12270511500370807     
  0.12279182729929428     
  0.12286825093776052     
  0.12293088726745866     
  0.12299263541528707     
  0.12305344403168995     
  0.12302834171588914     
  0.12325055517612511     
  0.12416144108881132     
  0.12618187390861685     
  0.12660977991827035     
  0.12573307377349940     
  0.12384702888233028     
  0.12131703406586472     
  0.11968763825789729     
  0.11836852714318508     
  0.11704093352741220     
  0.11610044583673694     
  0.11551492175980947     
  0.11504801187096997     
  0.11456713226816613     
  0.11413742342821663     
  0.11382773684273381     
  0.11354144013343065     
  0.11327767720345672     
  0.11304837639293559     
  0.11285104496904712     
  0.11267582629465467     
  0.11252023495962619     
  0.11238076559685499     
  0.11225846694128053     
  0.11216646509310194     
  0.11209890618049088     
  0.11205691268523045     
  0.11192652857087974     
  0.11141341067863246     
  0.11101675857261639     
  0.11095228002898729     
  0.11095061708458831     
  0.11095958505399656     
  0.11097830881646940     
  0.11101734818554373     
  0.11108300104036750     
  0.11116614114272982     
  0.11123837305111209     
  0.11125023032358757     
  0.11116679645787182     
  0.11101007227678429     
  0.11084433052760685     
  0.11073016130660598     
  0.11069180771992926     
  0.11070990071560530     
  0.11077167877576949     
  0.11088891239389496     
  0.11105756900870652     
  0.11127542332911146     
  0.11153699654639249     
  0.11183878488200336     
  0.11218029885335014     
  0.11255341588569008     
  0.11296015563377404     
  0.11339878299732674     
  0.11385521437205742     
  0.11432041446505702     
  0.11478385025751243     
  0.11524726692305409     
  0.11572057974974305     
  0.11622432164443122     
  0.11685443959442640     
  0.11806422655898623     
  0.11979913042050284     
  0.11996283074924589     
  0.11920148239497452     
  0.11892331598934605     
  0.11886392323061062     
  0.11880325001003933     
  0.11872947822803190     
  0.11876012035526101     
  0.11936900714238437     
  0.12170128861269620     
  0.12275956840949455     
  0.12157553841973112     
  0.11917060841382478     
  0.11767939148473086     
  0.11686745718827514     
  0.11635888139739838     
  0.11605366723235601     
  0.11592771888049797     
  0.11596263486423990     
  0.11601298663706995     
  0.11616384518745553     
  0.11638040070162357     
  0.11665883041868189     
  0.11700669790328533     
  0.11742421567602720     
  0.11790431689459709     
  0.11843355110181027     
  0.11899425372603609     
  0.11958590624237964     
  0.12020940352148347     
  0.12085501119617184     
  0.12151652996327068     
  0.12218876777586113     
  0.12287058162519791     
  0.12356674745234585     
  0.12428715264030310     
  0.12504680642411997     
  0.12588144908959972     
  0.12699959506608247     
  0.12935445444170082     
  0.13154209806653977     
  0.13158827824702332     
  0.13014674037732651     
  0.12778918167881712     
  0.12613866354066128     
  0.12540209535432051     
  0.12493956889793510     
  0.12462498816348082     
  0.12441282850556659     
  0.12428008586163161     
  0.12423138302880765     
  0.12415442605529252     
  0.12381754924794881     
  0.12376201409575646     
  0.12387011012938513     
  0.12400825795725892     
  0.12421205982064569     
  0.12422546128900100     
  0.12393323070378462     
  0.12373297367239042     
  0.12372369033989856     
  0.12405901428766129     
  0.12445405367815078     
  0.12483385022980600     
  0.12516392757116196     
  0.12542047809789481     
  0.12560866714193850     
  0.12576139235931991     
  0.12593072890455670     
  0.12612887259354877     
  0.12630543792666662     
  0.12640828034457491     
  0.12641271276904265     
  0.12631867038839137     
  0.12614810249321842     
  0.12594571130760998     
  0.12573705782708272     
  0.12553002953460943     
  0.12533832148833321     
  0.12515456019330215     
  0.12497136303895490     
  0.12478560904033167     
  0.12456853403082033     
  0.12430658153968552     
  0.12401765272347776     
  0.12371138327160799     
  0.12339082419039529     
  0.12305787175011654     
  0.12271082854706265     
  0.12234871413859282     
  0.12196495581688746     
  0.12156829902047776     
  0.12118135797876473     
  0.12080303256711604     
  0.12042006679486639     
  0.12004257835464906     
  0.11973560194250812     
  0.11970222619429718     
  0.12040616755335708     
  0.12018815606754731     
  0.11921593540697965     
  0.11968106042055610     
  0.12125803982641502     
  0.12083804495726574     
  0.11871636854367397     
  0.11544191479960592     
  0.11279818920505326     
  0.11090685938886223     
  0.10940676838984648     
  0.10815238531947204     
  0.10684122876922313     
  0.10574453674972470     
  0.10477882896150607     
  0.10391634093763460     
  0.10313442691162689     
  0.10240399216036825     
  0.10174692767510081     
  0.10114965782924490     
  0.10059207938002014     
  0.10015743543143733     
   9.9774741678599885E-002
   9.9435315835742388E-002
   9.9137919328390584E-002
   9.8893338069718270E-002
   9.8723143114481007E-002
   9.8632053537410391E-002
   9.8619490469357460E-002
   9.8668618907323868E-002
   9.8778374351346149E-002
   9.9014362984310988E-002
   9.9571745214805815E-002
  0.10108239392405628     
  0.10268469465084160     
  0.10241943619451657     
  0.10109147145461519     
  0.10031425712846991     
  0.10001344589076400     
   9.9913438338365843E-002
   9.9385420754452974E-002
   9.8855454889741137E-002
   9.8518157524768113E-002
   9.8407567267972479E-002
   9.8723071174214000E-002
   9.9260572830316307E-002
   9.9543736181529410E-002
  0.10002450990699276     
  0.10058868135006145     
  0.10115631651706605     
  0.10171944195273408     
  0.10226581523962924     
  0.10278860639361546     
  0.10330520144760322     
  0.10381678614170259     
  0.10432635180079487     
  0.10484528917046464     
  0.10539864511907830     
  0.10604507806738794     
  0.10639302806396592     
  0.10653202853687607     
  0.10683862524930829     
  0.10744917079731489     
  0.10802314318353247     
  0.10851004895766612     
  0.10899055749252574     
  0.10952770666874846     
  0.11012599194519074     
  0.11076351604329783     
  0.11142137526727279     
  0.11209363398419579     
  0.11279542996973388     
  0.11354033019988650     
  0.11432460779071164     
  0.11514141822323608     
  0.11598287278485452     
  0.11684387401906261     
  0.11773315293265123     
  0.11865421622326622     
  0.11960541368840905     
  0.12058471753489808     
  0.12157910128590925     
  0.12258319492751926     
  0.12360708860888940     
  0.12464928710518232     
  0.12570254335598635     
  0.12676204119247728     
  0.12780293209651211     
  0.12878979632302073     
  0.12972261601299004     
  0.13065126324583778     
  0.13168365858118875     
  0.13362302983034413     
  0.13565679560898150     
  0.13560972699568311     
  0.13446449183301484     
  0.13382634997157003     
  0.13352952918203387     
  0.13333080235886471     
  0.13317035415903822     
  0.13306588247199941     
  0.13321892143492511     
  0.13427039143966657     
  0.13416979895553605     
  0.13243969047133994     
  0.13114387202715522     
  0.13018198895712399     
  0.12933574124881081     
  0.12854761935070533     
  0.12750317309165973     
  0.12642671624811280     
  0.12555747263214329     
  0.12463773933243368     
  0.12364739653069581     
  0.12259266534535775     
  0.12150031916670610     
  0.12041647127482723     
  0.11944936998964659     
  0.11904937588374762     
  0.11974146570708681     
  0.11921217603149156     
  0.11725282489987475     
  0.11417401775019825     
  0.11051555542462406     
  0.10758940849519420     
  0.10505462479865210     
  0.10270190041633366     
  0.10048764189037020     
   9.8379242696595925E-002
   9.6361083359507632E-002
   9.4436352210302762E-002
   9.2438551257361098E-002
   9.0447599579091570E-002
   8.8740314367695042E-002
   8.7178232604474437E-002
   8.5473894437413489E-002
   8.3287453160784272E-002
   8.1205549094799934E-002
   7.9325264653400035E-002
   7.7690419181888890E-002
   7.6345777102815135E-002
   7.5519461796169904E-002
   7.5070280430034234E-002
   7.4714069597814167E-002
   7.4468754793800371E-002
   7.4340934588091379E-002
   7.4310248333656487E-002
   7.4372162240958051E-002
   7.4527988717156310E-002
   7.4812670224329594E-002
   7.4971707887444769E-002
   7.4746486896352340E-002
   7.4800696862943605E-002
   7.5328857387101739E-002
   7.5963855867703184E-002
   7.6672680050225817E-002
   7.7464235644731302E-002
   7.8333317535687619E-002
   7.9262415019158872E-002
   8.0233617361988724E-002
   8.1241623604730626E-002
   8.2280201437388845E-002
   8.3327908092138067E-002
   8.4353432273990975E-002
   8.5334274098001997E-002
   8.6271328197391459E-002
   8.7184506350331870E-002
   8.8092769683366934E-002
   8.9001042204370606E-002
   8.9910986290295591E-002
   9.0822346624127359E-002
   9.1743309500141257E-002
   9.2677635682315573E-002
   9.3618276192829336E-002
   9.4556470935084125E-002
   9.5490605920858160E-002
   9.6411107816905747E-002
   9.7276896634150289E-002
   9.8014055080926504E-002
   9.8576944608678524E-002
   9.9051232960296109E-002
   9.9842702757792751E-002
  0.10062687093277696     
  0.10006704683927904     
   9.9924978498671338E-002
   9.9948883234812172E-002
  0.10002922714580290     
  0.10015147758420548     
  0.10030599307543267     
  0.10048078206068624     
  0.10068263408177681     
  0.10090737979627426     
  0.10115056220312731     
  0.10145376182397731     
  0.10195978294831472     
  0.10249367412734986     
  0.10253514146515350     
  0.10273133597571453     
  0.10299374174195000     
  0.10331613688129962     
  0.10371704977113817     
  0.10417206057399220     
  0.10473304415139990     
  0.10535913784967747     
  0.10603392626340194     
  0.10675445949834926     
  0.10752090415396155     
  0.10834998536487921     
  0.10925530267999153     
  0.11026196472018478     
  0.11150091331634601     
  0.11366729717120291     
  0.11623527640576455     
  0.11668180568228130     
  0.11577370312579953     
  0.11526026163130418     
  0.11529368662560929     
  0.11551710832045343     
  0.11584480366396285     
  0.11624554903225941     
  0.11632341406962306     
  0.11644516760978935     
  0.11685680865382081     
  0.11728120390138366     
  0.11769301080476105     
  0.11812387535627603     
  0.11844638193166987     
  0.11835248751543966     
  0.11822288876542092     
  0.11821092634526860     
  0.11837734083594698     
  0.11852196039829106     
  0.11862900981943193     
  0.11868875404322317     
  0.11870378755694935     
  0.11865975383478805     
  0.11822467599666468     
  0.11781156946227457     
  0.11756555310374911     
  0.11726160230066790     
  0.11686870084547384     
  0.11638613058330438     
  0.11584501419973439     
  0.11525735467568583     
  0.11461445512515321     
  0.11391205719050386     
  0.11316614131008132     
  0.11237226514220826     
  0.11151284997596388     
  0.11059121964752447     
  0.10960883692896323     
  0.10856937740035319     
  0.10747502481779511     
  0.10633585134366114     
  0.10515528013293418     
  0.10393681111208827     
  0.10270158338333873     
  0.10145225559552082     
  0.10017486624065601     
   9.8856878368172238E-002
   9.7513940386269329E-002
   9.6182249597102837E-002
   9.4862696566101815E-002
   9.3534293206218214E-002
   9.2167109778297368E-002
   9.0766188581616433E-002
   8.9393654748883833E-002
   8.8089603825598453E-002
   8.6899174717952166E-002
   8.5925817703581861E-002
   8.5675392239876844E-002
   8.7442455908931141E-002
   8.7783844008471168E-002
   8.5012800061900859E-002
   8.0474103237996697E-002
   7.7538630363790523E-002
   7.5330322049635065E-002
   7.3507632823515870E-002
   7.1982003762005795E-002
   7.0707406131090417E-002
   6.9649016218990820E-002
   6.8795243701868569E-002
   6.8121383780554712E-002
   6.7649399349184597E-002
   6.7370227781044595E-002
   6.6978412481245780E-002
   6.6832292667813820E-002
   6.6861813009644985E-002
   6.7037709400083370E-002
   6.7340571488455347E-002
   6.7761746442240034E-002
   6.8296308645980033E-002
   6.8933125886527211E-002
   6.9638627794297178E-002
   7.0397723591337516E-002
   7.1279444836752762E-002
   7.2228878275047703E-002
   7.3236187417254489E-002
   7.4291387680540277E-002
   7.5379744216260522E-002
   7.6492163019885082E-002
   7.7625931922206987E-002
   7.8782402345641531E-002
   7.9947035196076016E-002
   8.1109858210796984E-002
   8.2280726730068018E-002
   8.3481974928110200E-002
   8.4848969345357683E-002
   8.6855474470060451E-002
   8.7539034523787571E-002
   8.7935291477965388E-002
   8.8655366941685326E-002
   8.8963071857647735E-002
   8.9508878660778543E-002
   9.0222087528320449E-002
   9.0891634472585303E-002
   9.1515164826187392E-002
   9.2088119757477604E-002
   9.2596751083408368E-002
   9.3030624416574711E-002
   9.3387005888571031E-002
   9.3679082541348269E-002
   9.3928294821863476E-002
   9.4135998908585108E-002
   9.4301653368149080E-002
   9.4424305566224220E-002
   9.4518594649576168E-002
   9.4629347764818322E-002
   9.4798394332289163E-002
   9.5030386131929864E-002
   9.5162816737608444E-002
   9.5234837832084224E-002
   9.5165802810508765E-002
   9.4928895707628330E-002
   9.4562711213383083E-002
   9.4149551308611273E-002
   9.3780503723893974E-002
   9.3534362204382368E-002
   9.3450655273109653E-002
   9.3533281437172516E-002
   9.3782774210827244E-002
   9.4184739000810092E-002
   9.4717413994536356E-002
   9.5356208061327205E-002
   9.6057314499095825E-002
   9.6788479878037403E-002
   9.7542782744206594E-002
   9.8346871334939329E-002
   9.9242268069062195E-002
  0.10023681058141323     
  0.10130118925531986     
  0.10240818442192090     
  0.10354346573226580     
  0.10470544416786205     
  0.10589098829399281     
  0.10708622413741378     
  0.10828233898915939     
  0.10946559213368727     
  0.11063050736904582     
  0.11178125228914088     
  0.11291302520668786     
  0.11401377112768696     
  0.11507411944333187     
  0.11610919401440295     
  0.11717180090780453     
  0.11851050909166873     
  0.12126578741637746     
  0.12413398012863001     
  0.12455237127734542     
  0.12373678653141448     
  0.12095555025772331     
  0.11813400415388361     
  0.11625472132657051     
  0.11472241696812426     
  0.11333587760707614     
  0.11200929317565635     
  0.11070456587782455     
  0.10940815771156756     
  0.10810269149219838     
  0.10678764131322668     
  0.10554741609504964     
  0.10498643801064222     
  0.10547715082463231     
  0.10299702541662435     
   9.9204789731041909E-002
   9.6333207358973827E-002
   9.3754884806691918E-002
   9.1287848468814103E-002
   8.8893757130220866E-002
   8.6562662578761884E-002
   8.4260336328737070E-002
   8.1418576308186899E-002
   7.8893296177595218E-002
   7.6634311225616161E-002
   7.4393627162288173E-002
   7.2181769548982699E-002
   7.0007358256101604E-002
   6.7873326890251759E-002
   6.5806721947931177E-002
   6.3884108680606191E-002
   6.2291019693255435E-002
   6.1699337823073852E-002
   6.1109848844988386E-002
   5.6928066260579002E-002
   5.2964361629064885E-002
   5.0129023332583462E-002
   4.8334095041134187E-002
   4.7497012573657627E-002
   4.7303228087655025E-002
   4.7287812094143074E-002
   4.7439386373671566E-002
   4.7739766633542541E-002
   4.8196345658045252E-002
   4.8786288766954025E-002
   4.9509017665341881E-002
   5.0332837051418132E-002
   5.1258601174672576E-002
   5.2268469723433506E-002
   5.3351093603970424E-002
   5.4501927373821826E-002
   5.5705778572363661E-002
   5.6959440181640709E-002
   5.8251134756385034E-002
   5.9573102498611127E-002
   6.0928076057489802E-002
   6.2318989272443649E-002
   6.3729525484845409E-002
   6.5130616590293719E-002
   6.6457257608151174E-002
   6.7723978624538717E-002
   6.8882158268700117E-002
   6.9932469947920212E-002
   7.0912016443968981E-002
   7.1860419106805226E-002
   7.2797205341570678E-002
   7.3729645365829502E-002
   7.4652962132849263E-002
   7.5556044800934433E-002
   7.6420958588743454E-002
   7.7244989939219466E-002
   7.8031342345957211E-002
   7.8767372257720361E-002
   7.9443279365662145E-002
   8.0057579279760260E-002
   8.0614203831792894E-002
   8.1105174200744423E-002
   8.1520853246272063E-002
   8.1859734907964915E-002
   8.2102918732119098E-002
   8.2243499698642655E-002
   8.2282642014037358E-002
   8.2232612203756675E-002
   8.2104698920006353E-002
   8.1910243218804191E-002
   8.1672608658197282E-002
   8.1493233762531064E-002
   8.1795022755596525E-002
   8.2500563896496210E-002
   8.1595775122093039E-002
   7.9685757887308681E-002
   7.8182081235721623E-002
   7.6910284436741652E-002
   7.5656324994047938E-002
   7.4464434809591293E-002
   7.3310022838209643E-002
   7.2176276677207954E-002
   7.1088742582792047E-002
   7.0100116972230578E-002
   6.9282993571339144E-002
   6.8691542636170097E-002
   6.8326459013733853E-002
   6.8153781345521511E-002
   6.8160339901551195E-002
   6.8344659964147236E-002
   6.8697405302760278E-002
   6.9221688628993985E-002
   6.9848750355129566E-002
   7.0538958105973354E-002
   7.1373726378351654E-002
   7.2328049598063479E-002
   7.3387172612855503E-002
   7.4427885314636455E-002
   7.5044709809183055E-002
   7.6008886545988516E-002
   7.7142971970160679E-002
   7.8345704672342323E-002
   7.9802064204987921E-002
   8.1624931754776031E-002
   8.2259564770294336E-002
   8.2837647015742047E-002
   8.3597231839919114E-002
   8.4369718221400422E-002
   8.5110828371497749E-002
   8.5795071957317628E-002
   8.6409882313417508E-002
   8.6946959219932882E-002
   8.7423105738602458E-002
   8.7864177109086158E-002
   8.7749078407995423E-002
   8.7293399779485359E-002
   8.6950585341625586E-002
   8.6371470577567028E-002
   8.5876029057195297E-002
   8.5694619139060457E-002
   8.5648856550196356E-002
   8.5514582634651073E-002
   8.5278689820631345E-002
   8.4927682879952338E-002
   8.4461821145470004E-002
   8.3893412712956431E-002
   8.3227358513972699E-002
   8.2438135039188135E-002
   8.1514464131748302E-002
   8.0467872933312867E-002
   7.9311514636388816E-002
   7.8030390153069340E-002
   7.6600849164454171E-002
   7.5027783187960412E-002
   7.3331020985587983E-002
   7.1563874047796669E-002
   6.9767025484590586E-002
   6.7957469648480345E-002
   6.6135393224750039E-002
   6.4317652109076098E-002
   6.2524200515218120E-002
   6.0759810322985643E-002
   5.9024296951645842E-002
   5.7290150923872858E-002
   5.5529600791353127E-002
   5.3760799502231615E-002
   5.2038525502628101E-002
   5.0408071970913036E-002
   4.8902352070083588E-002
   4.7539190848197244E-002
   4.6347366798309558E-002
   4.5377965831303151E-002
   4.4663476828430401E-002
   4.4219546083548722E-002
   4.4034922718935068E-002
   4.4065146147029340E-002
   4.4276450260908012E-002
   4.4664858066262886E-002
   4.5269377345999104E-002
   4.6270008540637203E-002
   4.8448669954507521E-002
   5.0110142784561003E-002
   4.9500703587294699E-002
   4.9376541454639482E-002
   4.9685008843739630E-002
   5.0153825832720628E-002
   5.0698888806922950E-002
   5.1281586279848697E-002
   5.1898001533483007E-002
   5.2538938405386162E-002
   5.3218472413005209E-002
   5.3984781754015963E-002
   5.5055878881775773E-002
   5.7278193164962792E-002
   5.8835998532548672E-002
   5.7795251720504814E-002
   5.7418137554115144E-002
   5.7457340319556127E-002
   5.7652644783172641E-002
   5.7953596611867879E-002
   5.8367910643667462E-002
   5.8888845412439078E-002
   5.8735550831930626E-002
   5.8596490604218773E-002
   5.9251539919773610E-002
   6.0006158352524798E-002
   6.0793412583009701E-002
   6.1619736369443630E-002
   6.2487890677849836E-002
   6.3397015606079063E-002
   6.4346866553321336E-002
   6.5325668405997489E-002
   6.6333534226106744E-002
   6.7491997918812496E-002
   6.8965485821039993E-002
   6.9431068935224480E-002
   7.0123145507622428E-002
   7.0847138584167385E-002
   7.1536749201353875E-002
   7.2166591638398739E-002
   7.2717031934298557E-002
   7.3176751950603719E-002
   7.3535687895208882E-002
   7.3731217045155173E-002
   7.3334683108619139E-002
   7.2929317098857124E-002
   7.2597818047074616E-002
   7.2099073356886312E-002
   7.1354955167893419E-002
   7.0513757990863207E-002
   6.9557319752823393E-002
   6.8500810946118124E-002
   6.7387079488794729E-002
   6.6249280989822690E-002
   6.5123794087488585E-002
   6.4017819730902814E-002
   6.2883646344758445E-002
   6.1654766679386117E-002
   6.0288013093991739E-002
   5.8822223011576115E-002
   5.7357908101223820E-002
   5.6070281634261344E-002
   5.5000113619813447E-002
   5.4180972516045270E-002
   5.3608049477619706E-002
   5.3274361553825381E-002
   5.3173401131109271E-002
   5.3264286421167380E-002
   5.3524496840806679E-002
   5.3946373942457111E-002
   5.4522087688931034E-002
   5.5243770536133358E-002
   5.6074082663416069E-002
   5.6996860570530654E-002
   5.8010613538267600E-002
   5.9093930125673724E-002
   6.0228282296961019E-002
   6.1396504283140620E-002
   6.2577363167419298E-002
   6.3760999127287443E-002
   6.4943640113847692E-002
   6.6119379299940759E-002
   6.7267291584930250E-002
   6.8372384354078414E-002
   6.9433495227429864E-002
   7.0449917175037569E-002
   7.1406883277902372E-002
   7.2290097044524396E-002
   7.3088543194123889E-002
   7.3799248195829281E-002
   7.4432340099236577E-002
   7.5007916528165103E-002
   7.5585802514745393E-002
   7.6420063345711206E-002
   7.8918420152831362E-002
   8.2167838902986054E-002
   8.1020362651866407E-002
   7.6967090366951860E-002
   7.3686380811892604E-002
   7.1507231115489733E-002
   6.9723923281270306E-002
   6.8147549122056519E-002
   6.6700959385312120E-002
   6.5337298068436592E-002
   6.4023210758305429E-002
   6.2748947127791055E-002
   6.1498299952752709E-002
   6.0265008245163600E-002
   5.9048321659429838E-002
   5.7851990656071654E-002
   5.6692988240623604E-002
   5.5642650589081681E-002
   5.5154369828711261E-002
   5.3793401923914456E-002
   5.2335628586270326E-002
   5.1115550018743267E-002
   4.9987030695094352E-002
   4.8928299111846464E-002
   4.7941529289455172E-002
   4.7038519873024050E-002
   4.6237131604706209E-002
   4.5582135636704248E-002
   4.4855637580852356E-002
   4.3463421484410715E-002
   4.2954486759736191E-002
   4.2557790083497075E-002
   4.2228679532754075E-002
   4.1964679191317578E-002
   4.1765093657035790E-002
   4.1637864375953078E-002
   4.1595169795614555E-002
   4.1704751650923258E-002
   4.2226527024396693E-002
   4.1869909333832084E-002
   4.0926414658141667E-002
   4.0639481091720303E-002
   4.0761903416627929E-002
   4.0895566418552937E-002
   4.1035860347265855E-002
   4.1187917453719775E-002
   4.1351451789619430E-002
   4.1525442772274553E-002
   4.1715998718655500E-002
   4.1928088733154442E-002
   4.2167237858303244E-002
   4.2439470487566917E-002
   4.2743993469584012E-002
   4.3083225365889689E-002
   4.3447394743155038E-002
   4.3837800687658274E-002
   4.4260435895744438E-002
   4.4719127943401354E-002
   4.5222424460736668E-002
   4.5762995791918851E-002
   4.6341529743114548E-002
   4.6952623127453290E-002
   4.7589522888008544E-002
   4.8255340511771785E-002
   4.8951083351749469E-002
   4.9663558328467236E-002
   5.0360802308352909E-002
   5.0996125744714058E-002
   5.1539822837244634E-002
   5.2018205299500367E-002
   5.2466338048373501E-002
   5.2911317689907165E-002
   5.3376744826831211E-002
   5.3860209993629012E-002
   5.4365972659665494E-002
   5.4887012533838812E-002
   5.5412738687090748E-002
   5.5938836468442589E-002
   5.6450637137929353E-002
   5.6943725323590155E-002
   5.7412536072043129E-002
   5.7858925910052976E-002
   5.8281416018675800E-002
   5.8654838932486519E-002
   5.8953102443663176E-002
   5.9154644158661771E-002
   5.9237166248659955E-002
   5.9185244796312438E-002
   5.9004241384402460E-002
   5.8709311348425837E-002
   5.8307726275371556E-002
   5.7797614981225251E-002
   5.7176897224340648E-002
   5.6445313297043422E-002
   5.5614869683718864E-002
   5.4737508800374451E-002
   5.3992512737139071E-002
   5.3176474991746693E-002
   5.1817034537267950E-002
   5.0918659774693856E-002
   5.0075109666230723E-002
   4.8722239189993487E-002
   4.7633328970059514E-002
   4.6666600253135945E-002
   4.5830637773087872E-002
   4.5139668364136493E-002
   4.4597930127599834E-002
   4.4184364358482157E-002
   4.3869950381430337E-002
   4.3633086032678056E-002
   4.3465444198632734E-002
   4.3378251491951340E-002
   4.3409445004442160E-002
   4.3701901270159563E-002
   4.4834691599805521E-002
   4.8047657435868488E-002
   4.9375400575226110E-002
   4.6857747121790999E-002
   4.4768837573897803E-002
   4.3766554567212228E-002
   4.3251127377918641E-002
   4.3130597810539184E-002
   4.2800926186934055E-002
   4.0930746140551699E-002
   3.9133543434734408E-002
   3.8620257282631812E-002
   3.8925026371455604E-002
   3.9327732233374310E-002
   3.9763050045967661E-002
   4.0215464646141730E-002
   4.0688260028492657E-002
   4.1211079195513096E-002
   4.1831518162972224E-002
   4.1452790213752817E-002
   4.1030619064617579E-002
   4.1501217900294859E-002
   4.2060206382658984E-002
   4.2616892976073427E-002
   4.3240868976381658E-002
   4.3451910788617189E-002
   4.2786943115265486E-002
   4.2829983750117186E-002
   4.3405639510328643E-002
   4.3968390980846678E-002
   4.4499994582095151E-002
   4.4993958801633281E-002
   4.5452421438512955E-002
   4.5875192098135807E-002
   4.6262893573560095E-002
   4.6613121782381556E-002
   4.6917988040283951E-002
   4.7171034833055618E-002
   4.7372942854034761E-002
   4.7546802836802377E-002
   4.7720465439292113E-002
   4.7900117316901705E-002
   4.8055265567296425E-002
   4.8084058114204672E-002
   4.7969363186861798E-002
   4.7693765342600843E-002
   4.7326479451891001E-002
   4.6954095608700994E-002
   4.6627917726542262E-002
   4.6369086610189583E-002
   4.6189797303481085E-002
   4.6091845904802191E-002
   4.6080438490312375E-002
   4.6151591831201925E-002
   4.6256309787419139E-002
   4.6312319540320460E-002
   4.6262982885940301E-002
   4.6120319993778629E-002
   4.5953771967245788E-002
   4.5828344366723194E-002
   4.5759097365676821E-002
   4.5741946089992998E-002
   4.5780809302284189E-002
   4.5909223904219823E-002
   4.6187807227020379E-002
   4.6664139414574507E-002
   4.7444934060968433E-002
   4.9032915186549925E-002
   5.0684361637379528E-002
   5.0284820661236046E-002
   5.0612880047919466E-002
   5.2436996283238752E-002
   5.3890833210216288E-002
   5.2924608399505996E-002
   5.2535477379673623E-002
   5.2497723102455089E-002
   5.2578869924271597E-002
   5.2712410738307083E-002
   5.2864069535105147E-002
   5.3032779732615172E-002
   5.3230596982392048E-002
   5.3484189380458784E-002
   5.3871812434022961E-002
   5.4744834465085775E-002
   5.6945904679982118E-002
   5.7340913174469037E-002
   5.5788094563160064E-002
   5.4978494020744485E-002
   5.4495357524507008E-002
   5.4161694148492166E-002
   5.3973599181348017E-002
   5.3586894533246152E-002
   5.2313599950902262E-002
   5.1793263683318755E-002
   5.1804831604568398E-002
   5.1865974035213702E-002
   5.1959254704566353E-002
   5.2083922978203773E-002
   5.2256776212232424E-002
   5.2440097803092264E-002
   5.2483819271057275E-002
   5.2531520860968489E-002
   5.2544995602487689E-002
   5.2531333030790522E-002
   5.2489530396968562E-002
   5.2391170531093850E-002
   5.2233836495383830E-002
   5.1998871680134881E-002
   5.1665558376371018E-002
   5.1227744832074630E-002
   5.0690150546311229E-002
   5.0056020123178807E-002
   4.9329378595139854E-002
   4.8586324092750308E-002
   4.7827307935183749E-002
   4.6151367325642928E-002
   4.3938762283438446E-002
   4.1743587895075145E-002
   3.9808589947370868E-002
