   4.1995331302354243E-002
   3.4761220420297605E-002
   3.1521312034150269E-002
   3.0464304970062955E-002
   2.8534000344237819E-002
   2.7346212655809960E-002
   2.7739847970481461E-002
   3.0940243072183054E-002
   2.9433324533283109E-002
   3.7671682358293643E-002
   4.7678286434508284E-002
   5.6306121103466215E-002
   6.5080104213818171E-002
   7.2355513485233960E-002
   8.1163276643886631E-002
   9.0441516289610183E-002
   9.8859961477216124E-002
  0.10678965344888444     
  0.11537888193683223     
  0.12113873415004221     
  0.12563074958563841     
  0.12740919038292595     
  0.12666987401812752     
  0.12498760858742509     
  0.12298613656675381     
  0.12063732314846576     
  0.11792507449147743     
  0.11505832844280177     
  0.11172568699748377     
  0.10802651780103417     
  0.10393970596878689     
   9.9433359654572132E-002
   9.4474731867568718E-002
   8.8826018940142776E-002
   8.2613129278188729E-002
   7.5537359978509994E-002
   6.6967036506760988E-002
   5.5861353857723790E-002
   4.1328140670517530E-002
   3.2899394260117155E-002
   2.8002821903876599E-002
   2.4783861321669886E-002
   2.2477881725589580E-002
   2.1511043176985833E-002
   2.0488906205438539E-002
   2.0003632412201017E-002
   2.0632575091636719E-002
   2.1178834352487835E-002
   2.1211718823104332E-002
   2.1503513664112944E-002
   2.1968052688084810E-002
   2.2180882923508286E-002
   2.2312195569282881E-002
   2.2573385887920412E-002
   2.1849917236084662E-002
   2.1502505927894707E-002
   2.1119821477829332E-002
   2.0835923438017108E-002
   2.0685873141795149E-002
   2.0888196124975389E-002
   2.0584399529951274E-002
   2.0412524664573203E-002
   1.9661266115028195E-002
   1.9202517454212920E-002
   1.8912419238764092E-002
   1.8943141016761127E-002
   1.8963272661246717E-002
   1.8037240819572156E-002
   1.7875195046301483E-002
   1.7063440738010340E-002
   1.7241197291870018E-002
   1.7405849711420337E-002
   1.7289545561110641E-002
   1.7267248744608988E-002
   1.7737271918347713E-002
   1.8161892894141891E-002
   1.8590771129574760E-002
   1.8979129455798157E-002
   1.9323842848415797E-002
   1.9662734981359422E-002
   1.9944352940904849E-002
   2.0425936296221910E-002
   2.0845177963810316E-002
   2.1221155706651222E-002
   2.1666919288780059E-002
   2.2043607440430556E-002
   2.2473137493730585E-002
   2.2705718757276883E-002
   2.3278515451270913E-002
   2.3961697140158895E-002
   2.4568840640773870E-002
   2.5213074919068816E-002
   2.5792806855700161E-002
   2.6204414883652664E-002
   2.6636508819698486E-002
   2.7401729661526975E-002
   2.8481772566057054E-002
   2.9280925883347915E-002
   2.9852883848358096E-002
   3.0716744738045618E-002
   3.1921216377129392E-002
   3.2793540332739575E-002
   3.4018076922633943E-002
   3.4928006260066799E-002
   3.6029378838458075E-002
   3.7482138790518593E-002
   3.9135590115376512E-002
   4.1643841624746922E-002
   4.4196612396263289E-002
   4.6897033601069248E-002
   4.9829466211777966E-002
   5.2918557287805576E-002
   5.6191089056180574E-002
   5.9133651663124343E-002
   6.2228334214766305E-002
   6.4653934499438168E-002
   6.7188736876369878E-002
   6.9347176206359079E-002
   7.0798098190113637E-002
   7.1734436985868691E-002
   7.2095913690811336E-002
   7.1655374601875516E-002
   7.0588093888519540E-002
   6.8997639290225843E-002
   6.6937783800389505E-002
   6.4473841329345791E-002
   6.1722265136906998E-002
   5.8686884963701502E-002
   5.5418503022168275E-002
   5.1914861010656441E-002
   4.8326732220091567E-002
   4.4694814026329716E-002
   4.1288528452419433E-002
   3.8449749251422728E-002
   3.6399708514750780E-002
   3.3732117871292225E-002
   3.2245377771655523E-002
   3.1428378799841457E-002
   3.1090147949173693E-002
   3.1079492465161618E-002
   3.1192237405912801E-002
   3.1546258653916248E-002
   3.1992189970998668E-002
   3.2385800263989364E-002
   3.2705525109448963E-002
   3.3060849730255810E-002
   3.3400321405386693E-002
   3.3779305669607462E-002
   3.4183293534863851E-002
   3.4575591126197555E-002
   3.4966270023763117E-002
   3.5420095088935191E-002
   3.5925890308208412E-002
   3.6451830184638469E-002
   3.6880718777652317E-002
   3.7257368992995303E-002
   3.7710683705721650E-002
   3.8172900584513926E-002
   3.8655551149403271E-002
   3.9032375582341447E-002
   3.9436979393895844E-002
   4.0086555055593706E-002
   4.0545515321833640E-002
   4.1158720764302804E-002
   4.1923843744898104E-002
   4.2849911868918865E-002
   4.3699688360094829E-002
   4.4570408319291266E-002
   4.5460320120353483E-002
   4.6124865703939151E-002
   4.6925032704897979E-002
   4.7903367329878301E-002
   4.8875779938723621E-002
   5.0008012193693101E-002
   5.1203952376942356E-002
   5.2106598636325399E-002
   5.3076301495736326E-002
   5.4111714466205524E-002
   5.5296801172351709E-002
   5.7533467299050581E-002
   5.9146929838006554E-002
   5.7763499432057927E-002
   5.6845489628705663E-002
   5.6056019818229393E-002
   5.5344169723130617E-002
   5.4859953058472653E-002
   5.2856622821420063E-002
   5.1618165413366973E-002
   5.1412534376009601E-002
   5.1379559580122046E-002
   5.1197958445386098E-002
   5.0927442497920965E-002
   5.0512459221634470E-002
   4.9843300314165832E-002
   4.9306827143977258E-002
   4.8990171301511655E-002
   4.8758159004946268E-002
   4.8709395580514181E-002
   4.9898391195179449E-002
   5.0894425598030126E-002
   4.8792784832271827E-002
   4.7209176062325109E-002
   4.6411605089685018E-002
   4.5827265565415359E-002
   4.5458500777890543E-002
   4.5168347131606203E-002
   4.4937621396403893E-002
   4.4767225659167284E-002
   4.4603401264451295E-002
   4.4476587706779709E-002
   4.4400568552419833E-002
   4.4351324429866307E-002
   4.4096512867429376E-002
   4.3994264718945304E-002
   4.3850799156274316E-002
   4.3671703197606784E-002
   4.3501366133168753E-002
   4.3285709070380637E-002
   4.3032778796557432E-002
   4.2769559917232004E-002
   4.2589191988041383E-002
   4.2438443161655202E-002
   4.2134391890590220E-002
   4.1584533401576827E-002
   4.0869049212220294E-002
   4.0476101738393132E-002
   3.9580891726647603E-002
   3.8900302273286516E-002
   3.8018441865909233E-002
   3.7051266465081806E-002
   3.6489711311153084E-002
   3.6434601600521352E-002
   3.6414462320736647E-002
   3.6361512862156671E-002
   3.6614795177909602E-002
   3.6950233473155535E-002
   3.7453841391178168E-002
   3.8063353379788674E-002
   3.8808560619092901E-002
   3.9583205119007987E-002
   4.0550859119281718E-002
   4.1579023088408447E-002
   4.2780208939131460E-002
   4.4071203564175529E-002
   4.5407035098388018E-002
   4.6776324910295243E-002
   4.8143218641901575E-002
   4.9525579654343115E-002
   5.0749441433999246E-002
   5.2005481226651919E-002
   5.3121730872860158E-002
   5.4265095653589113E-002
   5.5189539971276132E-002
   5.5816103624558015E-002
   5.6251129870719403E-002
   5.6587144791636096E-002
   5.6987310600746514E-002
   5.7349198832496999E-002
   5.7587763147011001E-002
   5.7815147692956412E-002
   5.7904171791524871E-002
   5.7911454136721267E-002
   5.7546649348056547E-002
   5.7127650676512355E-002
   5.6724401807502114E-002
   5.6428495894374729E-002
   5.6303871621548811E-002
   5.6340502392237257E-002
   5.6540111451312269E-002
   5.6606253338816574E-002
   5.6833668332648850E-002
   5.7046794517539280E-002
   5.7354359937444262E-002
   5.7664144322963913E-002
   5.8039399616507496E-002
   5.8317048231854754E-002
   5.8531839608644470E-002
   5.8897990389270891E-002
   5.9260009279840258E-002
   5.9700775058420606E-002
   6.0047708847360354E-002
   6.0427657995650363E-002
   6.0840741118702857E-002
   6.1336252717011243E-002
   6.1799010137059018E-002
   6.2311853335222156E-002
   6.3065279751203351E-002
   6.4435267806581528E-002
   6.4861209617489257E-002
   6.5119425804560899E-002
   6.5415249888470681E-002
   6.5712590647120123E-002
   6.5950324702089308E-002
   6.6302319848617383E-002
   6.7220057401238084E-002
   6.9504879503578310E-002
   7.0195817150116996E-002
   6.8589232991673410E-002
   6.5950621796330003E-002
   6.4166061698174431E-002
   6.3581638909713425E-002
   6.3540245961001204E-002
   6.3692572158740135E-002
   6.3901761575860111E-002
   6.4261422985906633E-002
   6.4587462047762736E-002
   6.5033139186505287E-002
   6.5490964994880316E-002
   6.5937862125005298E-002
   6.6466203305222682E-002
   6.6954536931636541E-002
   6.7410908841273251E-002
   6.7840052572616813E-002
   6.8310019714591705E-002
   6.8674242305006558E-002
   6.8989163898727751E-002
   6.9325850840236666E-002
   6.9677237995946550E-002
   7.0001305765204122E-002
   7.0408496964256134E-002
   7.0737397830824500E-002
   7.1101480346931187E-002
   7.1336835562458720E-002
   7.1642984901407483E-002
   7.2026414520897322E-002
   7.2371542093121077E-002
   7.2677044268610727E-002
   7.3026748602976713E-002
   7.3334309666762784E-002
   7.3688833417094410E-002
   7.4176316156694400E-002
   7.4772113934880632E-002
   7.4772399816241855E-002
   7.4932954988764025E-002
   7.5178859002253462E-002
   7.5407924346197683E-002
   7.5682550757313477E-002
   7.5975033969357064E-002
   7.6262374942730304E-002
   7.6530109772506960E-002
   7.6842625157060293E-002
   7.7176433107338641E-002
   7.7531651663071924E-002
   7.7884877098083269E-002
   7.8257677826587144E-002
   7.8655355864643325E-002
   7.9061051303961835E-002
   7.9398436588519056E-002
   7.9750986531254842E-002
   8.0170263485392926E-002
   8.0428234591721590E-002
   8.0821111626640588E-002
   8.1365876662435291E-002
   8.1741096133147645E-002
   8.2180154026005078E-002
   8.2647468592861054E-002
   8.3097815928539265E-002
   8.3440855803526698E-002
   8.3669919013142968E-002
   8.3936538612918846E-002
   8.4342615128829512E-002
   8.4825614422097989E-002
   8.5307456671738557E-002
   8.5841533489043415E-002
   8.6421185487021185E-002
   8.6989319781989469E-002
   8.7515436631127930E-002
   8.8003408262544658E-002
   8.8698074232479482E-002
   8.9385879918719408E-002
   8.9935244816715582E-002
   9.0538362184222482E-002
   9.1155653174876658E-002
   9.1659510468804967E-002
   9.2331876862862469E-002
   9.2988612173933297E-002
   9.3648900790623324E-002
   9.4331356426254273E-002
   9.4910830985892494E-002
   9.5592953897016386E-002
   9.6256927099974562E-002
   9.7016051535564196E-002
   9.8043571847486910E-002
   9.8991943258841295E-002
   9.9718090905961621E-002
  0.10108430131255333     
  0.10151793604181741     
  0.10100624974992937     
  0.10082461632324290     
  0.10082959258268079     
  0.10082801631586033     
  0.10088578783129840     
  0.10104007702996029     
  0.10071783460021147     
  0.10074521657535436     
  0.10100702685220395     
  0.10122281981800864     
  0.10144325103169999     
  0.10171041205396379     
  0.10205850298542740     
  0.10236441704963305     
  0.10264571356943239     
  0.10294902470519403     
  0.10324450098013536     
  0.10349231586942437     
  0.10342255032077270     
  0.10348754025196834     
  0.10365663746223842     
  0.10362477018311501     
  0.10372097754311606     
  0.10384612791446021     
  0.10376574841675526     
  0.10381310810547391     
  0.10395479641695242     
  0.10407468794824673     
  0.10449685404963156     
  0.10494122510882518     
  0.10534155543852697     
  0.10573849544183020     
  0.10611755540507309     
  0.10653337171186826     
  0.10701286714497139     
  0.10754851138914599     
  0.10816857810401659     
  0.10880400127890617     
  0.10944024145086934     
  0.11013249126877586     
  0.11086105689684003     
  0.11154041102601350     
  0.11220590996603098     
  0.11295564168396885     
  0.11380640226732625     
  0.11461167803910290     
  0.11540259324538951     
  0.11616539866841910     
  0.11708713886638188     
  0.11794657178688923     
  0.11895928809717826     
  0.12005713372292898     
  0.12113582360802630     
  0.12227815949663481     
  0.12347224405302890     
  0.12469822372160182     
  0.12592246390112996     
  0.12694877391960011     
  0.12819216459446328     
  0.12945835974912920     
  0.13072328690548324     
  0.13196366443395771     
  0.13319513442233849     
  0.13438849974348585     
  0.13555463194088485     
  0.13668956743858482     
  0.13779457512707444     
  0.13891534253611762     
  0.14002338744028756     
  0.14113294959854603     
  0.14228785821017678     
  0.14341202622134513     
  0.14452829549078919     
  0.14564210897942809     
  0.14679576852981663     
  0.14792000436282884     
  0.14898591886737081     
  0.15001459873693981     
  0.15099399762436091     
  0.15187410211316610     
  0.15282897637645654     
  0.15362274888433558     
  0.15432605571721361     
  0.15507303229152183     
  0.15578558101059456     
  0.15647283614484297     
  0.15712553715165609     
  0.15775958951487493     
  0.15833031989040336     
  0.15884593500968680     
  0.15937721109372421     
  0.15989525494665621     
  0.16042636425587967     
  0.16093505152202547     
  0.16141088446305030     
  0.16185530470799064     
  0.16228237238095397     
  0.16273782054177408     
  0.16350824579855028     
  0.16395578713411688     
  0.16394519785902176     
  0.16414994342669695     
  0.16442193567935776     
  0.16465156216143464     
  0.16483649560360863     
  0.16501373627991894     
  0.16527331317955185     
  0.16598935594003073     
  0.16714301856557651     
  0.16711758349909539     
  0.16643233757134834     
  0.16559668756673390     
  0.16526103460733135     
  0.16513954558109373     
  0.16516252434806775     
  0.16522449802666717     
  0.16535188998946829     
  0.16550520559906232     
  0.16569418722432089     
  0.16593681506851660     
  0.16621229183741093     
  0.16644447600987480     
  0.16674579736018283     
  0.16711468266602150     
  0.16752116831558916     
  0.16798854864636109     
  0.16851272660617775     
  0.16904917403547554     
  0.16959384088107329     
  0.17017126022414047     
  0.17079131792247715     
  0.17144088568420596     
  0.17211014373977324     
  0.17279523111426948     
  0.17350269083097400     
  0.17421202302992850     
  0.17493676022408944     
  0.17570428155988510     
  0.17648905645818497     
  0.17727637500721313     
  0.17803981162381957     
  0.17882192954845905     
  0.17962956828316246     
  0.18042441934772391     
  0.18121172619260556     
  0.18199418665380596     
  0.18282502597632397     
  0.18364955838454877     
  0.18447367237163353     
  0.18530800854616045     
  0.18611081651733818     
  0.18690157643804722     
  0.18761222513459613     
  0.18837565427771341     
  0.18917463491643222     
  0.18991031604173142     
  0.19073517288685785     
  0.19155390087006366     
  0.19233382478992914     
  0.19316075170821961     
  0.19407250059577552     
  0.19502207770522667     
  0.19600227105168455     
  0.19705987886676035     
  0.19821318335695692     
  0.19942185795055523     
  0.20071632337600770     
  0.20209525655000102     
  0.20325538708559029     
  0.20433701992355199     
  0.20545381730035783     
  0.20661599033970773     
  0.20784864159746472     
  0.20910913141771567     
  0.21036856808351337     
  0.21162496411555798     
  0.21288413549891899     
  0.21414300352347065     
  0.21537971481114973     
  0.21661499035451950     
  0.21784399594457074     
  0.21903181294726554     
  0.22019524251786915     
  0.22133443211034831     
  0.22247821352859490     
  0.22360607450108758     
  0.22473073344182282     
  0.22582557934402961     
  0.22697813982649478     
  0.22812270549427752     
  0.22927170347052855     
  0.23037517244487185     
  0.23151529169344953     
  0.23265417185214668     
  0.23374989939220622     
  0.23483976141365318     
  0.23591257500774007     
  0.23698063846524173     
  0.23806907819135326     
  0.23930362840005948     
  0.24114427763435123     
  0.24315295071231929     
  0.24404469532908421     
  0.24436176962325820     
  0.24418524372547645     
  0.24346764700391396     
  0.24285045763081764     
  0.24271839200064810     
  0.24277948128735224     
  0.24296797990022953     
  0.24319813593790707     
  0.24333890349443826     
  0.24362163428485120     
  0.24398497291022328     
  0.24436724949775981     
  0.24476914651788284     
  0.24515345896427002     
  0.24558031674243211     
  0.24604126179963420     
  0.24647345663370954     
  0.24690706201111687     
  0.24733507669649071     
  0.24777867883713250     
  0.24822818592847790     
  0.24870843817512128     
  0.24920729097362465     
  0.24953456802642113     
  0.24982671719912178     
  0.25027114730196681     
  0.25070398386695741     
  0.25115720611754777     
  0.25164595849416849     
  0.25212310218523082     
  0.25256670946615306     
  0.25298747951785927     
  0.25339402878013573     
  0.25381314717267411     
  0.25414758158090894     
  0.25452999859825831     
  0.25491686460168389     
  0.25531039495562252     
  0.25568020392047364     
  0.25600763682488509     
  0.25632497824344613     
  0.25657765295430485     
  0.25689062002112706     
  0.25721106907388658     
  0.25749272292678038     
  0.25780175135611483     
  0.25811347652407635     
  0.25842589041939357     
  0.25872679550540228     
  0.25908671948977624     
  0.25950054348983431     
  0.25998833213074901     
  0.26068723251757142     
  0.26200651524775537     
  0.26364022159808709     
  0.26447021273316940     
  0.26490306505490768     
  0.26442491932870749     
  0.26370657220832933     
  0.26332563864668151     
  0.26329322381409703     
  0.26340345251872199     
  0.26358849787187311     
  0.26380092645355513     
  0.26407602732406010     
  0.26440444904888483     
  0.26480701650990207     
  0.26526761385846542     
  0.26576979828998182     
  0.26633203277278705     
  0.26695344172285512     
  0.26761949104576355     
  0.26836368988128606     
  0.26913188069732774     
  0.26991280657396738     
  0.27068633447343099     
  0.27145986081628165     
  0.27225001137306259     
  0.27306629653216552     
  0.27396266713433182     
  0.27481932151449312     
  0.27570551547387251     
  0.27659687467799360     
  0.27749896105473626     
  0.27845471365155122     
  0.27951657279170672     
  0.28086799174939109     
  0.28279688723855329     
  0.28459002485092078     
  0.28625380060371020     
  0.28698981150532815     
  0.28700805752925557     
  0.28702667959870437     
  0.28680113147690894     
  0.28638004837419812     
  0.28630441787495131     
  0.28640650526215339     
  0.28655966365265173     
  0.28691451477642599     
  0.28747531689907391     
  0.28811636739212027     
  0.28881214594587762     
  0.28954873264737768     
  0.29032250584163710     
  0.29111390680526628     
  0.29193275297804583     
  0.29280083621150615     
  0.29370562284349755     
  0.29464479569889307     
  0.29562060773975773     
  0.29663643254689226     
  0.29767001002844723     
  0.29869343259930370     
  0.29969071049766988     
  0.30065572382943917     
  0.30138611878841937     
  0.30201504601641427     
  0.30268695829818626     
  0.30338392677000958     
  0.30409700371859905     
  0.30482622196342452     
  0.30560968121673343     
  0.30643405258792156     
  0.30727736015905949     
  0.30818925733484548     
  0.30912597286963539     
  0.31008531249113236     
  0.31107748556868242     
  0.31206871545722187     
  0.31307071601640662     
  0.31403374567258785     
  0.31498644799675585     
  0.31591177647749635     
  0.31680490423426561     
  0.31771292472180079     
  0.31869959253312313     
  0.31967831330038848     
  0.32065491480164626     
  0.32163064913184042     
  0.32263204896313408     
  0.32370463467146998     
  0.32485319601905371     
  0.32631254973339435     
  0.32749954926246505     
  0.32821038936788433     
  0.32856250328823383     
  0.32867666652892252     
  0.32890603472852142     
  0.32922246921579190     
  0.32968206551594609     
  0.33067949191230239     
  0.33200964883260170     
  0.33245688927182332     
  0.33240300528940642     
  0.33204054770429681     
  0.33141808712717302     
  0.33058598513677112     
  0.32956166928140007     
  0.32830152327005829     
  0.32674070292510876     
  0.32499952565355833     
  0.32386956874601375     
  0.32298876107049285     
  0.32240632184134704     
  0.32196945483545641     
  0.32167692559794525     
  0.32149268155575578     
  0.32141501800308636     
  0.32147146243388647     
  0.32179574768964414     
  0.32269234722256523     
  0.32346967555240114     
  0.32373949865881596     
  0.32375368731911203     
  0.32360778133706697     
  0.32332959094229796     
  0.32297079173000670     
  0.32246855525648538     
  0.32155713160929839     
  0.32069755218860896     
  0.32071573514154345     
  0.32048451113336218     
  0.32001875762386345     
  0.31956050119952345     
  0.31905201564156288     
  0.31832528659783421     
  0.31741314362301642     
  0.31679684843142225     
  0.31644581265732524     
  0.31628207601846781     
  0.31628165626888760     
  0.31636459279909640     
  0.31640242431188143     
  0.31662302335469333     
  0.31698737369713187     
  0.31744822596062289     
  0.31798567760163915     
  0.31864975677693091     
  0.31939723143430460     
  0.32014964891608977     
  0.32092835266205511     
  0.32170596258523404     
  0.32248278157734961     
  0.32325636353757242     
  0.32405035041145391     
  0.32482060748874853     
  0.32552136679976812     
  0.32631620867202044     
  0.32712983929271172     
  0.32794106775435444     
  0.32874519539038904     
  0.32954237325827346     
  0.33035235059024876     
  0.33116908218809288     
  0.33200588774529410     
  0.33284140451254596     
  0.33364182715145679     
  0.33436516856443332     
  0.33496785680459573     
  0.33544674770182209     
  0.33581173977632467     
  0.33608582659123032     
  0.33631272184354938     
  0.33651250798929144     
  0.33673308065384028     
  0.33701362744214125     
  0.33736730124979691     
  0.33780784193464714     
  0.33830658524526963     
  0.33883664358960841     
  0.33939160085014936     
  0.33995304961738021     
  0.34051688256234519     
  0.34106351708968274     
  0.34163752580983436     
  0.34232313761598754     
  0.34332624809845058     
  0.34430338774696001     
  0.34497429079670366     
  0.34548727181951938     
  0.34585500501418376     
  0.34641741588521446     
  0.34726261018752214     
  0.34821572255188515     
  0.34922963626366421     
  0.35025674179946675     
  0.35129595992558882     
  0.35233009626108974     
  0.35338030693223105     
  0.35462440055567035     
  0.35653068541666838     
  0.35807783859644116     
  0.35895020499919039     
  0.35944454739858317     
  0.35969527543450486     
  0.35973289783151807     
  0.35960466657286194     
  0.35937240551937444     
  0.35910496923755636     
  0.35919914698931293     
  0.35909248467476695     
  0.35820173491396728     
  0.35670672358649602     
  0.35475220173844491     
  0.35293928877838537     
  0.35143389879139586     
  0.34978621684646261     
  0.34801563006760966     
  0.34623114671980093     
  0.34435620760757935     
  0.34247018674821650     
  0.34104943403827725     
  0.34001608046419435     
  0.33929163747983193     
  0.33884042581430374     
  0.33839673195208342     
  0.33803057963055261     
  0.33766120551142198     
  0.33752672856200677     
  0.33749405510611363     
  0.33805979422099075     
  0.33861980386027135     
  0.33846465796212927     
  0.33785561263570207     
  0.33704470453188756     
  0.33611352174789666     
  0.33498272201032453     
  0.33370287006071098     
  0.33278239022799988     
  0.33228463108976769     
  0.33203662580041798     
  0.33195913922831266     
  0.33202521121396733     
  0.33214698479576982     
  0.33234836129314776     
  0.33262116671098702     
  0.33300076773639659     
  0.33343918918535748     
  0.33387771825639506     
  0.33441037869828139     
  0.33498947272179419     
  0.33561102208300481     
  0.33635652446306591     
  0.33712590573227186     
  0.33790063842696255     
  0.33872074387755358     
  0.33955734845431584     
  0.34042902756214749     
  0.34133633855447382     
  0.34226468270744020     
  0.34321927459700402     
  0.34420127752355850     
  0.34513462087331598     
  0.34596284966016022     
  0.34673355661024946     
  0.34733116614644288     
  0.34780572500316564     
  0.34813099496447664     
  0.34841775521299312     
  0.34866433578097616     
  0.34872660622903362     
  0.34882342151558215     
  0.34880067487286953     
  0.34869470968834743     
  0.34849234132382811     
  0.34831365173560758     
  0.34814017403439812     
  0.34788667978891097     
  0.34777428724113557     
  0.34777199866579550     
  0.34782518602618862     
  0.34800992368064104     
  0.34827548246903495     
  0.34860661742600618     
  0.34882853093129867     
  0.34908739983248616     
  0.34933472721779052     
  0.34942200075905283     
  0.34949663714923357     
  0.34958415234371576     
  0.34996384462634794     
  0.35056232839518936     
  0.35162411792432868     
  0.35312392090159500     
  0.35392318637364900     
  0.35423096176360758     
  0.35417155210763035     
  0.35390084500063856     
  0.35343389945764359     
  0.35297588698230997     
  0.35290781016559686     
  0.35257817240862493     
  0.35163956379658162     
  0.35029582032172080     
  0.34860341182237586     
  0.34660066619755880     
  0.34424460229369402     
  0.34176714753617682     
  0.33937999114264078     
  0.33670719925101317     
  0.33430817028745968     
  0.33247951261634906     
  0.33107318383409717     
  0.32996552970039522     
  0.32899208709604727     
  0.32815709706448937     
  0.32747476116683044     
  0.32688509909298713     
  0.32640108556068897     
  0.32603930425826133     
  0.32583800816020969     
  0.32586636910197636     
  0.32633613857832783     
  0.32701410397104336     
  0.32723303831619649     
  0.32714674444642466     
  0.32682655421893136     
  0.32630462511349301     
  0.32564204022533755     
  0.32505514597014951     
  0.32465262306118214     
  0.32441557535307314     
  0.32426055195005749     
  0.32418460013947031     
  0.32419900894117903     
  0.32411425225132595     
  0.32398908473187071     
  0.32397107277651105     
  0.32398799308559412     
  0.32406392369995402     
  0.32416409709328070     
  0.32429543015937873     
  0.32456001449637706     
  0.32493061523405997     
  0.32544923896772698     
  0.32596014830053255     
  0.32655772617210360     
  0.32734687122303296     
  0.32813590694325739     
  0.32889978016750887     
  0.32968662562679640     
  0.33042798989486616     
  0.33110018333098756     
  0.33174876605759518     
  0.33233250022166250     
  0.33278585559635965     
  0.33313193737857744     
  0.33341815936838243     
  0.33361972548026109     
  0.33375261681001828     
  0.33381702598671592     
  0.33385456647837275     
  0.33384855966408788     
  0.33382519421095297     
  0.33378488279747681     
  0.33372466707082371     
  0.33364616546537229     
  0.33356181277593805     
  0.33350795997149563     
  0.33352155990574117     
  0.33359604689635608     
  0.33376525814679697     
  0.33401004378564053     
  0.33432183900594653     
  0.33471266235458225     
  0.33531860390881346     
  0.33615103472364133     
  0.33669371717777224     
  0.33680420981157694     
  0.33684952464080276     
  0.33720163536207221     
  0.33809166545845276     
  0.33930323042632970     
  0.33988894999133584     
  0.33998490026453615     
  0.33987271369227873     
  0.33956288572150234     
  0.33912456859529388     
  0.33850308817810998     
  0.33777604454008647     
  0.33712538214086346     
  0.33660434689507446     
  0.33554982727125782     
  0.33439233442313920     
  0.33325362121572838     
  0.33205416116085462     
  0.33079260059604909     
  0.32941549490559513     
  0.32792988999492961     
  0.32629686606805969     
  0.32446346245294833     
  0.32280410301888796     
  0.32158502984986975     
  0.32060003340359999     
  0.31969841361356161     
  0.31899586979497691     
  0.31844156540459473     
  0.31818007856968228     
  0.31845528717182109     
  0.31829174018008655     
  0.31764133353436463     
  0.31669476125396678     
  0.31547361491414722     
  0.31435772239866949     
  0.31356203651684189     
  0.31292522571414211     
  0.31235674888783271     
  0.31183800247842947     
  0.31139004945310345     
  0.31088689287580856     
  0.31042915045617731     
  0.30982746143089079     
  0.30920888827558607     
  0.30858915077460819     
  0.30807667355650648     
  0.30748511917609511     
  0.30693902802397671     
  0.30648847940336149     
  0.30611773071519072     
  0.30580983538394008     
  0.30556489410622034     
  0.30540562911940206     
  0.30528394392353070     
  0.30520752479183555     
  0.30519929941956209     
  0.30526123467270044     
  0.30535031809033791     
  0.30564282509136259     
  0.30602696517647809     
  0.30655009283177087     
  0.30720103291487555     
  0.30794377974432829     
  0.30861332980076084     
  0.30912918516712606     
  0.30956644973348257     
  0.30988664770516278     
  0.31007790046793399     
  0.31032641752852230     
  0.31058108438186000     
  0.31083443813298484     
  0.31108397196219739     
  0.31135404097125174     
  0.31155860660156032     
  0.31179943347886030     
  0.31204632690554579     
  0.31228634609851064     
  0.31257034582437249     
  0.31292139497429344     
  0.31338443488563805     
  0.31392962765798321     
  0.31456513937664465     
  0.31532364946456498     
  0.31614884225667794     
  0.31706868094787732     
  0.31815769850440556     
  0.31948239802828865     
  0.32036849091404263     
  0.32106239096360795     
  0.32188017517224937     
  0.32282330058485792     
  0.32412578578320839     
  0.32594852758182569     
  0.32713339714658868     
  0.32775271132333111     
  0.32806887368739024     
  0.32802636561347370     
  0.32777024686566708     
  0.32732475164419622     
  0.32669723740163975     
  0.32596416508446435     
  0.32509503963944775     
  0.32414516364570400     
  0.32316792627262725     
  0.32236444883715576     
  0.32193269857227919     
  0.32082352051615615     
  0.31892732409917113     
  0.31636274883328835     
  0.31373505336959273     
  0.31165416347393365     
  0.31000257643437229     
  0.30856208075575003     
  0.30743592679362330     
  0.30643701210432833     
  0.30553211557313525     
  0.30477684459681809     
  0.30407749602738710     
  0.30348574247763332     
  0.30298838623941238     
  0.30261328432191248     
  0.30265521176645299     
  0.30291814090533425     
  0.30239775564104993     
  0.30134322809633252     
  0.30046381071489148     
  0.29979829480365972     
  0.29918305489249841     
  0.29861514719613469     
  0.29816970111410890     
  0.29761127252457525     
  0.29700599445608078     
  0.29656001578858060     
  0.29616626204255270     
  0.29588922391028549     
  0.29571076109488309     
  0.29560324854388570     
  0.29540971381851822     
  0.29533390210451527     
  0.29538650388719023     
  0.29556747047479121     
  0.29584906096293495     
  0.29624239891751458     
  0.29673344473037550     
  0.29734536282745483     
  0.29806819736322349     
  0.29890814000340055     
  0.29987933769130642     
  0.30099690939752100     
  0.30228012948870181     
  0.30360775095692732     
  0.30489326574567888     
  0.30614834221370008     
  0.30730143867015514     
  0.30830013496178132     
  0.30919662249133578     
  0.30998122251155547     
  0.31069228833731005     
  0.31133801349600843     
  0.31195039336422714     
  0.31252358042611339     
  0.31303496326241453     
  0.31351219322350032     
  0.31395162156546802     
  0.31432670879268132     
  0.31465857906031902     
  0.31496674468442354     
  0.31527800446421461     
  0.31560178604075556     
  0.31595824190222216     
  0.31635086021080200     
  0.31678109807752119     
  0.31726035610749120     
  0.31777552267279335     
  0.31832609548703167     
  0.31890866429375525     
  0.31952642341225967     
  0.32016118001022115     
  0.32084089638064306     
  0.32156970100031429     
  0.32257475093944582     
  0.32428628037218143     
  0.32587480273070463     
  0.32645517666898249     
  0.32650291449517610     
  0.32645225218019547     
  0.32622766086008781     
  0.32588845076390233     
  0.32544734554548693     
  0.32491282608415584     
  0.32427048779341305     
  0.32350761946402345     
  0.32264529783847806     
  0.32173019593749097     
  0.32108989106071634     
  0.32016916117342165     
  0.31879009053487156     
  0.31739619670492936     
  0.31582469809877245     
  0.31409787727338156     
  0.31265995132503421     
  0.31151682857169039     
  0.31058799544878313     
  0.30982141504569122     
  0.30899624348995075     
  0.30827198137725187     
  0.30784006270700282     
  0.30750207229746407     
  0.30728127438797964     
  0.30717608063987467     
  0.30717946628338694     
  0.30725213240488858     
  0.30738015234084892     
  0.30754785322172545     
  0.30774685864769408     
  0.30799265746613441     
  0.30836516701094352     
  0.30886534060649135     
  0.30981764875237355     
  0.31052321732139848     
  0.31044939842408792     
  0.31029818424021899     
  0.31019512059194720     
  0.31007392527689825     
  0.31007138196171657     
  0.31020382016432252     
  0.31047258787577298     
  0.31085150698492897     
  0.31129299063190691     
  0.31183920085728534     
  0.31248295063652964     
  0.31321385467260054     
  0.31404439074106266     
  0.31496422874454422     
  0.31595110926770564     
  0.31706909731446459     
  0.31831282006128397     
  0.31975199517709268     
  0.32128916891831594     
  0.32282350227587936     
  0.32433307446391352     
  0.32579283999937175     
  0.32720449800788498     
  0.32850532560941009     
  0.32967352800086880     
  0.33072177787244450     
  0.33164969083377627     
  0.33246181866777874     
  0.33321521485792260     
  0.33391350395423280     
  0.33457152694760084     
  0.33522387291222999     
  0.33592199107244075     
  0.33665016860268504     
  0.33739588043203322     
  0.33816467846342985     
  0.33894405834844676     
  0.33969753669052954     
  0.34045117834353728     
  0.34118748457949716     
  0.34190808146997798     
  0.34261810046441649     
  0.34331049223234744     
  0.34399532921458187     
  0.34467556558754137     
  0.34532034729468597     
  0.34595451262472898     
  0.34655539182923722     
  0.34716385213802453     
  0.34775132066993136     
  0.34837373004036243     
  0.34898920913489734     
  0.34960015863513438     
  0.35023766499250270     
  0.35091848759971156     
  0.35173158895697149     
  0.35313485337141076     
  0.35470838513256947     
  0.35550160883852300     
  0.35587735271602938     
  0.35598778019552929     
  0.35593942412319940     
  0.35558922415060595     
  0.35511144906496817     
  0.35449188365172807     
  0.35373412127193649     
  0.35277604599534718     
  0.35183071777877173     
  0.35143436011426521     
  0.35134746969183239     
  0.35147065117567911     
  0.35182850594206716     
  0.35240088123185814     
  0.35289385912640819     
  0.35340041954129109     
  0.35395681337893115     
  0.35454308440344506     
  0.35518513233407839     
  0.35581984106595432     
  0.35628857024053384     
  0.35684417444333988     
  0.35753323046586488     
  0.35823689488635924     
  0.35891047318554070     
  0.35961994855974683     
  0.36033498659034485     
  0.36104117063489249     
  0.36172467704909184     
  0.36244734904144715     
  0.36316020842167412     
  0.36393751588039130     
  0.36497283697286981     
  0.36626649934844546     
  0.36677169636339829     
  0.36677354731617401     
  0.36652887586219701     
  0.36606129846308322     
  0.36538789629260843     
  0.36478271724331890     
  0.36431355874602545     
  0.36405018820594759     
  0.36399922880062818     
  0.36413503152439597     
  0.36438055404544217     
  0.36475113777815166     
  0.36507543548700078     
  0.36539527119023546     
  0.36561202562752421     
  0.36579314942084495     
  0.36596177740992397     
  0.36612137935565736     
  0.36627943266195861     
  0.36645598835710025     
  0.36660544348926327     
  0.36677415648633638     
  0.36694347630594931     
  0.36713359016366504     
  0.36739084323927995     
  0.36776226605406270     
  0.36819351316599996     
  0.36865289663077172     
  0.36912535022754023     
  0.36952481761041350     
  0.36988891509142652     
  0.37021991783768071     
  0.37049035430691035     
  0.37078342115511825     
  0.37111731639441381     
  0.37158803138667285     
  0.37215128308398138     
  0.37283971182220976     
  0.37368581428119252     
  0.37470226915630733     
  0.37585315507614347     
  0.37708655557894771     
  0.37848892238032167     
  0.38000517678738521     
  0.38161879858344444     
  0.38327399122301997     
  0.38499076938289961     
  0.38673731756622293     
  0.38836384486047310     
  0.39021634007403405     
  0.39213091367263392     
  0.39406618931050863     
  0.39602771111490714     
  0.39801703359067681     
  0.40004782183463772     
  0.40213193680867754     
  0.40436807490707660     
  0.40660550108389149     
  0.40918336744355027     
  0.41139346420366535     
  0.41301306241857594     
  0.41429462927143001     
  0.41527169373988143     
  0.41600658182764733     
  0.41659141177766912     
  0.41698889518281679     
  0.41731142505110497     
  0.41745546346127566     
  0.41741830059002960     
  0.41724537493855307     
  0.41697037448156943     
  0.41655202164782568     
  0.41604295462361801     
  0.41565593486118169     
  0.41545467614912479     
  0.41499440531932019     
  0.41429798184435440     
  0.41351032837083640     
  0.41297555516076223     
  0.41264142662653625     
  0.41236386625174587     
  0.41223685427999296     
  0.41221756071068277     
  0.41239411113739238     
  0.41295429053034621     
  0.41336718845575471     
  0.41348314037938999     
  0.41338917376680751     
  0.41321636363880854     
  0.41293185243574854     
  0.41255175641655617     
  0.41205410482229249     
  0.41153812629733416     
  0.41096973031060519     
  0.41036470387548724     
  0.40957139857147790     
  0.40860864527648127     
  0.40790774035528465     
  0.40747174587279816     
  0.40712645365535038     
  0.40701474329893511     
  0.40707171609956644     
  0.40730561473393923     
  0.40763614041065688     
  0.40812310246208056     
  0.40870494264536561     
  0.40940102448904120     
  0.41035597766480642     
  0.41142439531345570     
  0.41257100570150707     
  0.41370923322295933     
  0.41489179216589922     
  0.41610573039292958     
  0.41739395930640633     
  0.41871971006687259     
  0.42008156128824314     
  0.42127280666404598     
  0.42238638301549447     
  0.42343852719840952     
  0.42447787546753141     
  0.42552275456744570     
  0.42653215108108894     
  0.42747044909277909     
  0.42833505721771442     
  0.42921702607384332     
  0.42990803369575392     
  0.43063336410070752     
  0.43132137839658113     
  0.43190637698153450     
  0.43235551271042921     
  0.43264054901472154     
  0.43290606172946106     
  0.43302715249315593     
  0.43318029121810181     
  0.43325790203963871     
  0.43337326704710732     
  0.43366063349366718     
  0.43408604619176011     
  0.43462536543049574     
  0.43535434960858893     
  0.43634914653170059     
  0.43728623150130047     
  0.43809032331809078     
  0.43920683891672563     
  0.44038235003219789     
  0.44121171182226343     
  0.44176708251240521     
  0.44216986123449142     
  0.44244274545279533     
  0.44259678142793607     
  0.44264705779589020     
  0.44259601817820537     
  0.44246180108537020     
  0.44229463463476437     
  0.44212422580212613     
  0.44204712425182296     
  0.44229987932564502     
  0.44242185730962746     
  0.44212984538795247     
  0.44159206616733226     
  0.44083172642696777     
  0.43994634643199898     
  0.43885951582493760     
  0.43760194562645449     
  0.43610124102570780     
  0.43422004064199343     
  0.43262635710525826     
  0.43152173366313418     
  0.43066267824201759     
  0.43000986212513742     
  0.42960124422531543     
  0.42941774380648950     
  0.42936879700931957     
  0.42944602791216241     
  0.42971950120943425     
  0.43054462483195927     
  0.43124491023250883     
  0.43159845214014192     
  0.43182212141600534     
  0.43198156011691879     
  0.43213098482589407     
  0.43225526698575606     
  0.43238240768812902     
  0.43248959619001642     
  0.43261641093326519     
  0.43274985174322200     
  0.43282358520486841     
  0.43277096104781071     
  0.43265218544930850     
  0.43248201922528851     
  0.43220032856982366     
  0.43194466050798180     
  0.43168043350190016     
  0.43151146822246611     
  0.43176909363498595     
  0.43227805894391014     
  0.43297995802714340     
  0.43382014512299322     
  0.43472922884435200     
  0.43568033830944275     
  0.43667043688573137     
  0.43758485577023848     
  0.43838081743660279     
  0.43919093459863912     
  0.44001132231644152     
  0.44082913541523788     
  0.44167996381216157     
  0.44249484743339856     
  0.44330831198804027     
  0.44409364178515609     
  0.44493423747710720     
  0.44574519411518282     
  0.44649504488466796     
  0.44721038733532975     
  0.44787014434528549     
  0.44841223215622700     
  0.44887731386583118     
  0.44923894321513841     
  0.44954469573427303     
  0.44983128253755356     
  0.45009871185012129     
  0.45039168482530767     
  0.45070038532920237     
  0.45107478172664922     
  0.45143803596436172     
  0.45186550931189401     
  0.45231395851918760     
  0.45279803565075460     
  0.45329369805572922     
  0.45376584766646605     
  0.45424934391114163     
  0.45482014217450090     
  0.45545600259002883     
  0.45611110870351546     
  0.45687583768274637     
  0.45801921654667266     
  0.45943535795817841     
  0.46017636753612134     
  0.46058708299688211     
  0.46079297068671293     
  0.46069183743121417     
  0.46033083824901527     
  0.45984412918323697     
  0.45913094358048329     
  0.45816236314661207     
  0.45706749778942934     
  0.45579053417192927     
  0.45434429380552510     
  0.45280801263992781     
  0.45120357792801863     
  0.44955562364020996     
  0.44782360352820405     
  0.44611160040774384     
  0.44445938264719076     
  0.44332565201124569     
  0.44184598989707918     
  0.43976528518397584     
  0.43788084517612025     
  0.43621670791857770     
  0.43462973092971441     
  0.43305672373036697     
  0.43146766755984955     
  0.43020368967512790     
  0.42941734490363714     
  0.42893469943105639     
  0.42853733650963582     
  0.42825585964303869     
  0.42822529986470936     
  0.42853355259378628     
  0.42907253733212330     
  0.42974167173760563     
  0.43051013701826363     
  0.43140061560969839     
  0.43261004857720570     
  0.43400414546041910     
  0.43496891457281256     
  0.43558533211957684     
  0.43607532602086541     
  0.43651801380226424     
  0.43687597383622839     
  0.43718790341814073     
  0.43743934748495239     
  0.43766548193218985     
  0.43788923342362729     
  0.43807377487027011     
  0.43813114699443373     
  0.43810266545081422     
  0.43815418979325393     
  0.43846996256810145     
  0.43890446662480254     
  0.43942457642805027     
  0.44004562431998961     
  0.44078164901104600     
  0.44156000276225027     
  0.44237291529500783     
  0.44306173896292023     
  0.44383665805386124     
  0.44460356766080789     
  0.44541331407493773     
  0.44615974810178377     
  0.44702789784135716     
  0.44789241802263441     
  0.44872213344852280     
  0.44952459828092711     
  0.45016952927319809     
  0.45065621123483401     
  0.45097836648642897     
  0.45119587802349093     
  0.45127473776574423     
  0.45128786598891218     
  0.45126122253252793     
  0.45117004364475416     
  0.45108323541817430     
  0.45097203534025415     
  0.45088069359853089     
  0.45083351185366860     
  0.45085839704718822     
  0.45096359045300327     
  0.45111432659577999     
  0.45141364674034784     
  0.45182636075131677     
  0.45239834693847852     
  0.45315293799226064     
  0.45403975815436221     
  0.45506687418335851     
  0.45616936985354373     
  0.45733784073929962     
  0.45855651556627447     
  0.45984064628405508     
  0.46118202235076006     
  0.46261456329638845     
  0.46413846479953558     
  0.46585759627283374     
  0.46773042343875770     
  0.46939116192264985     
  0.47119142829064353     
  0.47315463429759130     
  0.47454580269181323     
  0.47551974719975471     
  0.47623395261107809     
  0.47670315646537775     
  0.47700330045177014     
  0.47716505679337362     
  0.47721177661490383     
  0.47714430499374966     
  0.47694382066294622     
  0.47663466830050261     
  0.47622879569835813     
  0.47577131159944402     
  0.47520587460527902     
  0.47446062624253749     
  0.47373936292117430     
  0.47326973897252722     
  0.47279560045562091     
  0.47181601276668772     
  0.47058284886091034     
  0.46895665778276197     
  0.46715028099617606     
  0.46529373459964707     
  0.46326239185632223     
  0.46129860900255348     
  0.45892473274000933     
  0.45636543156701381     
  0.45409076331370141     
  0.45204855158149265     
  0.45020639283560593     
  0.44855768352847541     
  0.44709365120791805     
  0.44555059964199695     
  0.44401302464223552     
  0.44249725005915019     
  0.44101210354335324     
  0.43953800397569232     
  0.43805187564357750     
  0.43649989594776123     
  0.43479892506116324     
  0.43341746680305931     
  0.43224299753318590     
  0.43115224216725573     
  0.43034671379381301     
  0.42955990502091601     
  0.42894253897757550     
  0.42850539516198971     
  0.42819613026555015     
  0.42800370222056011     
  0.42796846954060858     
  0.42810684018236805     
  0.42831334400129556     
  0.42867254709257585     
  0.42912987907170069     
  0.42973745438543037     
  0.43052061204094388     
  0.43135431022511450     
  0.43231107685920084     
  0.43337521393554423     
  0.43445258676922233     
  0.43555636553268101     
  0.43675640751233985     
  0.43779691823491240     
  0.43878112036877226     
  0.43966308117617886     
  0.44045700933214893     
  0.44110181404031085     
  0.44170853139488231     
  0.44231026026688269     
  0.44286537827327038     
  0.44333375629470040     
  0.44368125107691786     
  0.44398706004954552     
  0.44441350603328639     
  0.44485808163954582     
  0.44530172041336491     
  0.44572153682846094     
  0.44609343612483449     
  0.44635112197323595     
  0.44648726164223584     
  0.44656158855790018     
  0.44665721549111548     
  0.44690300203545757     
  0.44705144575930289     
  0.44687137403307686     
  0.44653194972731641     
  0.44645851060849528     
  0.44677668752179645     
  0.44717982585493010     
  0.44766210330861728     
  0.44820151595884145     
  0.44876540384524871     
  0.44927724735277452     
  0.44972086531027727     
  0.45008917335457094     
  0.45030988902684216     
  0.45042552959607279     
  0.45052731415674824     
  0.45081151047412976     
  0.45140210767001376     
  0.45180756888196383     
  0.45182819485997139     
  0.45166878002221589     
  0.45138692125518592     
  0.45109211288447815     
  0.45070666967085976     
  0.45017707598957807     
  0.44937439630583043     
  0.44844659659444275     
  0.44739029369542932     
  0.44626931354598393     
  0.44537700551248488     
  0.44502096219154869     
  0.44483938659251188     
  0.44435611925850632     
  0.44359455325804853     
  0.44269480510302622     
  0.44164441651646869     
  0.44060528784255232     
  0.43976397357062080     
  0.43901870363176182     
  0.43832045563778094     
  0.43769236390241761     
  0.43709460969275915     
  0.43649359402648152     
  0.43589074521558752     
  0.43529207821333421     
  0.43468290844613788     
  0.43399521656558249     
  0.43317899327923515     
  0.43238132224590781     
  0.43173195943348353     
