   4.1364122367277774E-002
   3.4813296033809858E-002
   3.1207176487871434E-002
   2.8018467230696998E-002
   2.5045449374101462E-002
   2.2708257631939132E-002
   2.1544839832197273E-002
   2.0768420676972266E-002
   1.9548811963532319E-002
   1.8713750525168528E-002
   1.8152482991790474E-002
   1.7591762543863406E-002
   1.6870003246300305E-002
   1.6498935325687417E-002
   1.6229001700098715E-002
   1.5985377341936408E-002
   1.5790344301385154E-002
   1.5774914684332456E-002
   1.5687706110820959E-002
   1.5526288513962655E-002
   1.5377526799922211E-002
   1.5308579148358623E-002
   1.5318105348556637E-002
   1.5382633019340217E-002
   1.5335797021831089E-002
   1.4838193884134701E-002
   1.4314469281530542E-002
   1.4111377575136355E-002
   1.4129488628435778E-002
   1.4339728730573750E-002
   1.4576710657124708E-002
   1.4790303285812396E-002
   1.4990550446965316E-002
   1.5144057222309590E-002
   1.5167563795550601E-002
   1.5138759250196759E-002
   1.5100992290520410E-002
   1.5350370247564870E-002
   1.7795694608929189E-002
   1.3707458596298634E-002
   1.3742125778720995E-002
   1.3778607983330492E-002
   1.3815846852726889E-002
   1.3897111180443043E-002
   1.4019943717668107E-002
   1.4204702500248224E-002
   1.4462881312655086E-002
   1.4752921674391824E-002
   1.4929611142339115E-002
   1.4991617659715992E-002
   1.5017331221229800E-002
   1.5057363714515029E-002
   1.5133073705993207E-002
   1.5271284676018801E-002
   1.5413633233466013E-002
   1.5548529390677362E-002
   1.5695847137899850E-002
   1.5862645615739124E-002
   1.6010114252127429E-002
   1.6130166575079864E-002
   1.6257178771023818E-002
   1.6443902150671257E-002
   1.6696786042537867E-002
   1.7020264319876272E-002
   1.7354267407688816E-002
   1.7662000803602324E-002
   1.7928403331376717E-002
   1.8082086477648477E-002
   1.8212586676340660E-002
   1.8357366317959155E-002
   1.8529931253898325E-002
   1.8685688484923534E-002
   1.8817451160161525E-002
   1.8994478879657412E-002
   1.9227063858080380E-002
   1.9416443053784021E-002
   1.9454458252303550E-002
   1.9379057079559923E-002
   1.9227515295621566E-002
   1.9031783493063753E-002
   1.8875206615256719E-002
   1.8758858993799164E-002
   1.8630160390603685E-002
   1.8493093820086348E-002
   1.8269378469870680E-002
   1.7908882995403701E-002
   1.7482656632509138E-002
   1.7068002109854593E-002
   1.6700628648776368E-002
   1.6311346888874902E-002
   1.5898472666262892E-002
   1.5544760979320402E-002
   1.5291448957831235E-002
   1.5111403603630776E-002
   1.4968587785738164E-002
   1.4868899626717360E-002
   1.4808144391882858E-002
   1.4761970471129669E-002
   1.4699691971043070E-002
   1.4628754398139571E-002
   1.4572992870955022E-002
   1.4578287765599249E-002
   1.4682126005705443E-002
   1.4989782476693300E-002
   1.4961357145669180E-002
   1.4990816816694740E-002
   1.5119562051895396E-002
   1.5268059552806952E-002
   1.5398466936700382E-002
   1.5499446987380509E-002
   1.5583037531495298E-002
   1.5688536485665434E-002
   1.5818538663453372E-002
   1.5966141866828334E-002
   1.6135005638458873E-002
   1.6312686243261858E-002
   1.6482226317327455E-002
   1.6674023789821961E-002
   1.6884989603215748E-002
   1.7121263574563870E-002
   1.7375888308668617E-002
   1.7635816858801869E-002
   1.7882724280594911E-002
   1.8121442576485024E-002
   1.8346996592324111E-002
   1.8531614718276215E-002
   1.8665058684531777E-002
   1.8761685401018375E-002
   1.8808784514210159E-002
   1.8796050212428462E-002
   1.8769587854315518E-002
   1.8732776714866822E-002
   1.8957270567579832E-002
   1.8768791840729018E-002
   1.8475580449223358E-002
   1.7987844198972508E-002
   1.7630637079594301E-002
   1.7350648423196852E-002
   1.7086432136615454E-002
   1.6794339488765887E-002
   1.6508154255092819E-002
   1.6283351971853825E-002
   1.6139935802741312E-002
   1.5983896271022958E-002
   1.5838802492268801E-002
   1.5375245197383173E-002
   1.5408572249208677E-002
   1.5517818543794417E-002
   1.5678272251669515E-002
   1.5855510785832829E-002
   1.6076479379167213E-002
   1.6279900348096413E-002
   1.6510638502140185E-002
   1.6710416302449290E-002
   1.6905881134002251E-002
   1.7063728254247706E-002
   1.7222315756897512E-002
   1.7441179533155642E-002
   1.7710787860378229E-002
   1.8019085629573009E-002
   1.8376276385960108E-002
   1.8701457817429556E-002
   1.8989633696716062E-002
   1.9229748899334632E-002
   1.9451062070568025E-002
   1.9647704945562339E-002
   1.9836913933622642E-002
   2.0016747045883240E-002
   2.0207750300019416E-002
   2.0398260633146908E-002
   2.0571964750949332E-002
   2.0698055601795280E-002
   2.0764684853935636E-002
   2.0822185688655914E-002
   2.0891245127422776E-002
   2.0896362301646161E-002
   2.1013982577137835E-002
   2.1168735812837302E-002
   2.1339594893998795E-002
   2.1515013090876198E-002
   2.1718881186406455E-002
   2.1863894211489033E-002
   2.2007177069864596E-002
   2.2166296310676712E-002
   2.2321800869243191E-002
   2.2473157058655557E-002
   2.2650851874409093E-002
   2.2755585151179675E-002
   2.2866294952004484E-002
   2.2998337809801019E-002
   2.3139443295204409E-002
   2.3241932495421207E-002
   2.3310911420608090E-002
   2.3398848630104319E-002
   2.3517132692961309E-002
   2.3648668171759351E-002
   2.3797679983259618E-002
   2.3984891011234102E-002
   2.4334464769706115E-002
   2.5523689569024340E-002
   2.5376604703398305E-002
   2.4291138750161700E-002
   2.3800040970635650E-002
   2.3442615703196803E-002
   2.3111133277054330E-002
   2.2822343132088783E-002
   2.2557480422791484E-002
   2.2264402563758084E-002
   2.1911404301612546E-002
   2.1514762787043114E-002
   2.1129796154768853E-002
   2.0771154702171186E-002
   2.0450238601634935E-002
   2.0164407051352824E-002
   1.9880754702496398E-002
   1.9556567342149056E-002
   1.9209140346640771E-002
   1.8889000899443384E-002
   1.8603197951586770E-002
   1.8335833123651817E-002
   1.8068817905016632E-002
   1.7786092617678120E-002
   1.7498822299345587E-002
   1.7228963421732982E-002
   1.6968605912934906E-002
   1.6731106021007476E-002
   1.6515431082497808E-002
   1.6318884068822193E-002
   1.6149571465754551E-002
   1.6005512704356992E-002
   1.5877489426861000E-002
   1.5755538304610010E-002
   1.5648966974304623E-002
   1.5562744588975891E-002
   1.5489693130050445E-002
   1.5432646678357148E-002
   1.5385132379870091E-002
   1.5342931519411455E-002
   1.5319548160902727E-002
   1.5328807688101334E-002
   1.5437463992383332E-002
   1.5919093688383085E-002
   1.5673311245608862E-002
   1.5476836081634377E-002
   1.5404294141129244E-002
   1.5380670335485494E-002
   1.5397499150981701E-002
   1.5447840274733001E-002
   1.5528230127720534E-002
   1.5645153764377282E-002
   1.5795901056370295E-002
   1.5978723346683939E-002
   1.6196205717643200E-002
   1.6439997946492240E-002
   1.6703720151503010E-002
   1.6979825235333621E-002
   1.7263070833006874E-002
   1.7566792482697619E-002
   1.7881678442292246E-002
   1.8192946578129705E-002
   1.8518428369013528E-002
   1.8872512825776587E-002
   1.9206449615864898E-002
   1.9522729336527600E-002
   1.9791521575363617E-002
   2.0025468770359871E-002
   2.0241998168374329E-002
   2.0423033922752055E-002
   2.0623882117785843E-002
   2.0824271511331208E-002
   2.1032409113634892E-002
   2.1234159396412204E-002
   2.1399838641905939E-002
   2.1524709504839364E-002
   2.1616815058992558E-002
   2.1691589015603020E-002
   2.1780549471544904E-002
   2.1871570244501391E-002
   2.1954035752738049E-002
   2.2045334097075701E-002
   2.2166858375046877E-002
   2.2258816954843570E-002
   2.2390505696991043E-002
   2.2506561358602562E-002
   2.2616705391713354E-002
   2.2728548255539570E-002
   2.2851473480041129E-002
   2.2999645183709252E-002
   2.3173504744770156E-002
   2.3379025407636315E-002
   2.3606604812221342E-002
   2.3831704685719483E-002
   2.4076660227340868E-002
   2.4348825439339663E-002
   2.4627284661159092E-002
   2.4928561298151339E-002
   2.5347148197215907E-002
   2.6029254835494765E-002
   2.6081610189745058E-002
   2.6250229712585667E-002
   2.6461889212787314E-002
   2.6686653486077953E-002
   2.6941417611554636E-002
   2.7244983963679709E-002
   2.7581115249136708E-002
   2.7723060168738562E-002
   2.7945035269813564E-002
   2.8152062068377923E-002
   2.8374242220825130E-002
   2.8573645597878602E-002
   2.8750460779340018E-002
   2.8914127861356862E-002
   2.9053069099453797E-002
   2.9164899803942431E-002
   2.9259251463085424E-002
   2.9359434420471935E-002
   2.9473597047612824E-002
   2.9593357539133225E-002
   2.9705877965042093E-002
   2.9810198394834599E-002
   2.9927484695145584E-002
   3.0064301709795158E-002
   3.0216219748485793E-002
   3.0356092420803261E-002
   3.0462199248986355E-002
   3.0562040060596665E-002
   3.0664692067020452E-002
   3.0750625699344922E-002
   3.0816653109325340E-002
   3.0864528333717774E-002
   3.0901646628194297E-002
   3.0953336832704317E-002
   3.0927381201699976E-002
   3.0905467284370179E-002
   3.0910536878084871E-002
   3.0902441816532848E-002
   3.0872080486490993E-002
   3.0828526780123686E-002
   3.0770120978481395E-002
   3.0712426970045104E-002
   3.0646689922597708E-002
   3.0568645695350428E-002
   3.0479430631350453E-002
   3.0381245401314247E-002
   3.0269915714015421E-002
   3.0143930975130483E-002
   2.9995236091106513E-002
   2.9828192097791650E-002
   2.9649226610117194E-002
   2.9454342011042186E-002
   2.9245092590123974E-002
   2.9023825089348212E-002
   2.8802586803418736E-002
   2.8572054348499375E-002
   2.8324171049506842E-002
   2.8067154991798068E-002
   2.7794450347464229E-002
   2.7502276378394089E-002
   2.7197119493587218E-002
   2.6848330852505754E-002
   2.6532617175495897E-002
   2.6234326796259311E-002
   2.5948061086289748E-002
   2.5679988679896515E-002
   2.5430049385826891E-002
   2.5187517599681353E-002
   2.4948507316721335E-002
   2.4750252173710203E-002
   2.4667283610139819E-002
   2.4587472416598574E-002
   2.4377124270738956E-002
   2.4264477003286114E-002
   2.4193653800819805E-002
   2.4152138990810656E-002
   2.4133397413548936E-002
   2.4145393300753441E-002
   2.4192438639745070E-002
   2.4259670915721079E-002
   2.4339750872902240E-002
   2.4457593385276116E-002
   2.4658722669517991E-002
   2.5139779298775432E-002
   2.6805006800819039E-002
   2.7027172991117194E-002
   2.5726728737878818E-002
   2.5319244158772208E-002
   2.5177742739842142E-002
   2.5146796637473948E-002
   2.5145166943734844E-002
   2.5223982647856084E-002
   2.5365656880156226E-002
   2.5560402789047313E-002
   2.5829551050216275E-002
   2.6052063275167292E-002
   2.5908609040873713E-002
   2.6202152646960294E-002
   2.6502452578915727E-002
   2.6822429512214349E-002
   2.7155949401684552E-002
   2.7478666239342128E-002
   2.7775902694828013E-002
   2.8062710656031820E-002
   2.8352618761047669E-002
   2.8635718558034127E-002
   2.8913703424440565E-002
   2.9206183981183503E-002
   2.9510819374436972E-002
   2.9807306678080899E-002
   3.0079290015542652E-002
   3.0326775203116208E-002
   3.0562690999375079E-002
   3.0799209304357349E-002
   3.1042602380318085E-002
   3.1289401744898609E-002
   3.1386095745496424E-002
   3.1574458370579650E-002
   3.1749526539161216E-002
   3.1912930102778715E-002
   3.2064972530790742E-002
   3.2219195124103421E-002
   3.2374510619729825E-002
   3.2481687112489922E-002
   3.2549867224690027E-002
   3.2612239200377584E-002
   3.2683743956163074E-002
   3.2762367801498778E-002
   3.2831812292130572E-002
   3.2865153706202993E-002
   3.2875436197197974E-002
   3.2894071113479126E-002
   3.2927288779497847E-002
   3.2983232233427362E-002
   3.3050213804042806E-002
   3.3103613147105304E-002
   3.3141492841872774E-002
   3.3206370031792755E-002
   3.3334128753667390E-002
   3.3513395592912346E-002
   3.3710390180653436E-002
   3.3914630519490965E-002
   3.4154704257187918E-002
   3.4448532228899001E-002
   3.4787740102227717E-002
   3.5150844129100120E-002
   3.5506066440098336E-002
   3.5817179501363219E-002
   3.6094404405024164E-002
   3.6376747686081581E-002
   3.6691464009583993E-002
   3.7018899853871252E-002
   3.7315547262482533E-002
   3.7564119928319727E-002
   3.7809305339547253E-002
   3.8079732388333815E-002
   3.8348082467783352E-002
   3.8599717996946156E-002
   3.8845767454847496E-002
   3.9105371147898707E-002
   3.9379105411549473E-002
   3.9637211488219561E-002
   3.9868347512875706E-002
   4.0078892030470131E-002
   4.0264032211403233E-002
   4.0437261739765952E-002
   4.0615323314667794E-002
   4.0794918809558177E-002
   4.0877517716551369E-002
   4.1019536036278899E-002
   4.1249461668880626E-002
   4.1078916844197844E-002
   4.0991501674615773E-002
   4.0964778895193871E-002
   4.0932798442494277E-002
   4.0875856555577753E-002
   4.0796733391930955E-002
   4.0708519328658016E-002
   4.0615057846560783E-002
   4.0535457296285951E-002
   4.0458256264625250E-002
   4.0355270395753040E-002
   4.0235877830907193E-002
   4.0113431314101625E-002
   4.0032835200116725E-002
   4.0086367952641033E-002
   4.0856522254935343E-002
   4.4126669236112165E-002
   4.2130033852541666E-002
   3.9262246140322692E-002
   3.7687849173766858E-002
   3.6474018935975419E-002
   3.5434691175731406E-002
   3.4506376152805406E-002
   3.3680649595387802E-002
   3.3030448640541332E-002
   3.2818131791495182E-002
   3.2538936171524951E-002
   3.0355979729254697E-002
   2.9261715721356423E-002
   2.9031168848595402E-002
   2.8894587124867855E-002
   2.8830566138059208E-002
   2.8813449168299324E-002
   2.8822757653315993E-002
   2.8840475455719720E-002
   2.8860127536586698E-002
   2.8887850394217113E-002
   2.8933290995395527E-002
   2.9005690544986182E-002
   2.9105788966155868E-002
   2.9226572404798170E-002
   2.9345840430527268E-002
   2.9481608257186889E-002
   2.9655624156546576E-002
   2.9884407646703692E-002
   3.0151862065805911E-002
   3.0443527419575931E-002
   3.0747432866799602E-002
   3.1044217053186138E-002
   3.1314545190759394E-002
   3.1562334095607596E-002
   3.1804086838201087E-002
   3.2048764806674804E-002
   3.2289880017219552E-002
   3.2516092554703793E-002
   3.2718267764700562E-002
   3.2903169239061676E-002
   3.3080908731166578E-002
   3.3255214888169557E-002
   3.3431832803561622E-002
   3.3595924689353622E-002
   3.3744751501663311E-002
   3.3894044211881164E-002
   3.4035476737324773E-002
   3.4162538344712889E-002
   3.4272757000957700E-002
   3.4376556899309317E-002
   3.4484798553225345E-002
   3.4587013368547637E-002
   3.4666154712198124E-002
   3.4719850096505640E-002
   3.4745965941852447E-002
   3.4738849781572288E-002
   3.4707734167121120E-002
   3.4669609221986801E-002
   3.4626954041798226E-002
   3.4597303330999779E-002
   3.4587317380047694E-002
   3.4600527697115781E-002
   3.4651261187876002E-002
   3.4756385323156870E-002
   3.4926005409396416E-002
   3.5142036678916445E-002
   3.5368632372142321E-002
   3.5645161941202014E-002
   3.5961467358825841E-002
   3.5645468655325793E-002
   3.6036023101341574E-002
   3.7162384134882778E-002
   3.6031604641381637E-002
   3.5479638032724206E-002
   3.5260451010806708E-002
   3.5193813330519623E-002
   3.5232759395576269E-002
   3.5346009640571115E-002
   3.5529276884178389E-002
   3.5765185681736353E-002
   3.6066343301632012E-002
   3.6428409466618336E-002
   3.6844895673852032E-002
   3.7313906529678732E-002
   3.7801325791122796E-002
   3.8310758097382151E-002
   3.8831836040577508E-002
   3.9335193540313992E-002
   3.9815639357293459E-002
   4.0288399859564200E-002
   4.0767905548021545E-002
   4.1242927703464639E-002
   4.1696486938508331E-002
   4.2116316588259130E-002
   4.2515414609731059E-002
   4.2909191458955456E-002
   4.3294362006070050E-002
   4.3684829638462611E-002
   4.4104574593330267E-002
   4.4688599973526547E-002
   4.6136412303648643E-002
   5.0030013461570835E-002
   5.0091767039242806E-002
   4.6671210370025411E-002
   4.4736628973980737E-002
   4.3538942447405173E-002
   4.2627335260417336E-002
   4.1878890052508444E-002
   4.1234168179165441E-002
   4.0657865844921051E-002
   4.0142741868497360E-002
   3.9723935602043708E-002
   3.8915607085223958E-002
   3.8359607220269210E-002
   3.8034569920035705E-002
   3.7755962776246543E-002
   3.7509710819624030E-002
   3.7291413568655861E-002
   3.7110643989075785E-002
   3.6965477501784721E-002
   3.6858511652511791E-002
   3.6777286444761068E-002
   3.6716245120062552E-002
   3.6667326874960660E-002
   3.6622386118964373E-002
   3.6606325246770467E-002
   3.6593344084468030E-002
   3.6274466932498160E-002
   3.6283400693555484E-002
   3.6321461636704001E-002
   3.6372733569504385E-002
   3.6419359267833011E-002
   3.6447615931815953E-002
   3.6460037400405224E-002
   3.6445247066507466E-002
   3.6414723219845735E-002
   3.6401785959668635E-002
   3.6390883993626104E-002
   3.6368386912349997E-002
   3.6346100480804042E-002
   3.6337173943297191E-002
   3.6328360197581754E-002
   3.6306485847679600E-002
   3.6277207903946826E-002
   3.6221835227814067E-002
   3.6140356724495115E-002
   3.6048224957676581E-002
   3.5950504674080452E-002
   3.5842747964385947E-002
   3.5721304068557773E-002
   3.5596419916439997E-002
   3.5468327020182343E-002
   3.5335464227290475E-002
   3.5195577925650270E-002
   3.5073512550017928E-002
   3.5029691403542174E-002
   3.5364208740732608E-002
   3.5588704411606296E-002
   3.4766886457044191E-002
   3.4390444262290744E-002
   3.4167378489951397E-002
   3.4187703526544405E-002
   3.5041336728012358E-002
   3.6864393341327871E-002
   3.5284248556181265E-002
   3.3371768950531101E-002
   3.2252501802954830E-002
   3.1387840532588002E-002
   3.0689985805779977E-002
   3.0120423779082025E-002
   2.9660648591249689E-002
   2.9268959060534856E-002
   2.8947109112515180E-002
   2.8680203101861201E-002
   2.8463559252023436E-002
   2.8289418116997939E-002
   2.8144888472002798E-002
   2.8036172831358990E-002
   2.7973104883483074E-002
   2.7958205932619242E-002
   2.7994901516803745E-002
   2.8082212335220583E-002
   2.8214055112931544E-002
   2.8384314993638957E-002
   2.8587820809637555E-002
   2.8816023346542846E-002
   2.9082825940605558E-002
   2.9417939177731143E-002
   2.9858547377273021E-002
   3.0548040453678527E-002
   3.1643722932201836E-002
   3.1816594818505309E-002
   3.2657472185258905E-002
   3.3515060605770787E-002
   3.3093060867071679E-002
   3.3188685092493918E-002
   3.3025523149391375E-002
   3.3162013075688994E-002
   3.3441718335639137E-002
   3.3739650289644388E-002
   3.4024034510275171E-002
   3.4286815202531115E-002
   3.4583053180154741E-002
   3.4872480967428732E-002
   3.5150769995873930E-002
   3.5411245389984324E-002
   3.5659157656619742E-002
   3.5885989225192566E-002
   3.6093429974155496E-002
   3.6278970045145520E-002
   3.6433682316126689E-002
   3.6559536667056421E-002
   3.6670763904229478E-002
   3.6777584137813762E-002
   3.6885654725512425E-002
   3.6997920483037593E-002
   3.7115003048575540E-002
   3.7268690033490939E-002
   3.7473625085712468E-002
   3.6721444946231037E-002
   3.6301259981513088E-002
   3.6260917844521949E-002
   3.6185020075859109E-002
   3.6111543938048031E-002
   3.6053911043717086E-002
   3.6012347225430792E-002
   3.5978840327886556E-002
   3.5949393901462748E-002
   3.5936331013416291E-002
   3.5943333707048261E-002
   3.5975118840329216E-002
   3.6036903707545989E-002
   3.6124553248030211E-002
   3.6232964919758963E-002
   3.6374760530831302E-002
   3.6554793825342942E-002
   3.6763366146019487E-002
   3.6992032406825623E-002
   3.7232713608246946E-002
   3.7493681663325187E-002
   3.7771853915841508E-002
   3.8050791821515238E-002
   3.8337674409545726E-002
   3.8631445828003839E-002
   3.8927145452368118E-002
   3.9232511055293497E-002
   3.9556401866588480E-002
   3.9924856717552887E-002
   4.0414434665623014E-002
   4.1335931535514084E-002
   4.3521448728000275E-002
   4.4170382981118667E-002
   4.2741383415350005E-002
   4.2100853347935292E-002
   4.1836930082133801E-002
   4.1598032730290724E-002
   4.1410298634008018E-002
   4.1263092773231785E-002
   4.1136576946402242E-002
   4.1014106055284938E-002
   4.0883452825021302E-002
   4.0770862918487388E-002
   4.0663898648114642E-002
   4.0539974458490238E-002
   4.0382737039660915E-002
   4.0178448704450358E-002
   3.9944263893454214E-002
   3.9698953566974907E-002
   3.9439330169045855E-002
   3.9149535907258670E-002
   3.8828820862557935E-002
   3.8516648195929662E-002
   3.8320626146495007E-002
   3.8564701426875757E-002
   3.7867245619011863E-002
   3.7046966057051239E-002
   3.6417661800029359E-002
   3.5838267816189644E-002
   3.5297296513876343E-002
   3.4797818631360104E-002
   3.4309746330134692E-002
   3.3613468982184050E-002
   3.3313886490797716E-002
   3.4084780935842204E-002
   3.5050263332659086E-002
   3.2504419703686567E-002
   3.1094912894641304E-002
   3.0062319571889325E-002
   2.9220318893028206E-002
   2.8526671519719712E-002
   2.7791298722349794E-002
   2.7261033053341134E-002
   2.6823060284250855E-002
   2.6555836025205146E-002
   2.5822598057452437E-002
   2.5075835519980515E-002
   2.4952452472222202E-002
   2.4881046214232448E-002
   2.4851725896419041E-002
   2.4857813109358435E-002
   2.4903759278787223E-002
   2.4991213298131528E-002
   2.5127067343272521E-002
   2.5315497091271212E-002
   2.5547838002971630E-002
   2.5822142565412196E-002
   2.6138504806438017E-002
   2.6481841706379190E-002
   2.6859673089059781E-002
   2.6978370424685223E-002
   2.6957165958229768E-002
   2.7288325105819553E-002
   2.7656121324632129E-002
   2.8052607442485809E-002
   2.8472468479210571E-002
   2.8914102387867572E-002
   2.9374612369752487E-002
   2.9854648638388305E-002
   3.0338562816962969E-002
   3.0814432402378383E-002
   3.1287809570273759E-002
   3.1758682672575568E-002
   3.2227368100218368E-002
   3.2692103804393996E-002
   3.3156361054765278E-002
   3.3622620382759510E-002
   3.4082742037740310E-002
   3.4538743502205364E-002
   3.4988660523205095E-002
   3.5421298477597445E-002
   3.5835935425088873E-002
   3.6231957989342409E-002
   3.6609193517411279E-002
   3.6969219516245155E-002
   3.7304631014445915E-002
   3.7602437613611511E-002
   3.7864287858329931E-002
   3.8095513093086814E-002
   3.8298625742167497E-002
   3.8471553876341776E-002
   3.8621846739359582E-002
   3.8768238874032517E-002
   3.8941808156508335E-002
   3.9301899178746512E-002
   4.0700064318899394E-002
   4.2259396890727517E-002
   4.0336755060062346E-002
   3.9188217731868875E-002
   3.8435900038151734E-002
   3.7777340733160449E-002
   3.7189067955838206E-002
   3.6733002825256759E-002
   3.6592791512274389E-002
   3.7340767984141439E-002
   3.6451579995471509E-002
   3.5689727061642508E-002
   3.5292528214662569E-002
   3.5040758602291555E-002
   3.4886805326697752E-002
   3.4795794142713568E-002
   3.4772980216596645E-002
   3.4813176913158661E-002
   3.4909494383085840E-002
   3.5054039510101671E-002
   3.5172739626143160E-002
   3.5319890626299838E-002
   3.5488076398725796E-002
   3.5678896801439590E-002
   3.5895661567384662E-002
   3.6111436971903457E-002
   3.6298635324937413E-002
   3.6529004079078359E-002
   3.6780139608520918E-002
   3.7050817708970424E-002
   3.7325673431865596E-002
   3.7577904633681755E-002
   3.7809925530698424E-002
   3.8042922188561722E-002
   3.8275395100616991E-002
   3.8500884223976149E-002
   3.8713140225189430E-002
   3.8919331005064887E-002
   3.9181493472037081E-002
   3.9805282120961384E-002
   4.1971710411661707E-002
   4.1521494978705137E-002
   3.9834026863160607E-002
   3.9066523912619291E-002
   3.8484936876412031E-002
   3.7984181870250586E-002
   3.7529380452389766E-002
   3.7097351087861108E-002
   3.6675312058025981E-002
   3.6265047579057706E-002
   3.5909917529329947E-002
   3.5452661167200777E-002
   3.4763554543279916E-002
   3.4439004652788215E-002
   3.4108944665825008E-002
   3.3793779110604966E-002
   3.3542525796242562E-002
   3.3432500052031987E-002
   3.2665545033807697E-002
   3.1541488908667772E-002
   3.1352742782483754E-002
   3.1196792033618474E-002
   3.1048601478581666E-002
   3.0906227188653275E-002
   3.0744644464621468E-002
   3.0526219605018560E-002
   3.0242472878704948E-002
   2.9930184280854914E-002
   2.9618735731781365E-002
   2.9317675676958133E-002
   2.9022688492290866E-002
   2.8716958698326592E-002
   2.8410221084663029E-002
   2.8127436348700532E-002
   2.7870631598207341E-002
   2.7643217604692842E-002
   2.7455027568059526E-002
   2.7298449624056770E-002
   2.7175506914356624E-002
   2.7087055188046452E-002
   2.7027019725761263E-002
   2.6994302252250767E-002
   2.6991702034829118E-002
   2.7014872159627727E-002
   2.7063605826762708E-002
   2.7147848905589880E-002
   2.7268866100566381E-002
   2.7425834010834770E-002
   2.7625171847631483E-002
   2.7870394181098598E-002
   2.8161790484578834E-002
   2.8501472363792430E-002
   2.8877867241961522E-002
   2.9284928062224727E-002
   2.9735511192180767E-002
   3.0223522389151783E-002
   3.0749986608851324E-002
   3.1396557921863522E-002
   3.2602383767809530E-002
   3.5035855611290356E-002
   3.4271286826684531E-002
   3.3483762358589096E-002
   3.3481134001788260E-002
   3.3205267632243622E-002
   3.3091595144150207E-002
   3.3066886593227263E-002
   3.3092298557807980E-002
   3.3161308316020009E-002
   3.3305024915515132E-002
   3.3713741491513669E-002
   3.4448102022575963E-002
   3.3943164152477300E-002
   3.3747325748235753E-002
   3.3688164076471391E-002
   3.3675959294676906E-002
   3.3695689857223626E-002
   3.3757185368635513E-002
   3.3883452549121548E-002
   3.3892659189180094E-002
   3.3216102701004495E-002
   3.3211870675642303E-002
   3.3279852754393810E-002
   3.3333108693774371E-002
   3.3386326504131300E-002
   3.3460342516678225E-002
   3.3561688348012840E-002
   3.3683901218000342E-002
   3.3821338138745084E-002
   3.3970103648376354E-002
   3.4131705730579776E-002
   3.4314153897206108E-002
   3.4579067212557366E-002
   3.5048238412379196E-002
   3.5017834508540867E-002
   3.5020895205037796E-002
   3.5106003508660201E-002
   3.5215563500404057E-002
   3.5334220631886008E-002
   3.5457546393289005E-002
   3.5593668086227964E-002
   3.5742638941336245E-002
   3.5902578201016673E-002
   3.6086564705033637E-002
   3.6296593411436012E-002
   3.6220467991188825E-002
   3.6372684416790167E-002
   3.6576744837176170E-002
   3.6778569121677276E-002
   3.6974008681677696E-002
   3.7165983945849364E-002
   3.7344384163568105E-002
   3.7512993112577976E-002
   3.7681731651040364E-002
   3.7847946344376451E-002
   3.8010248240777200E-002
   3.8173161342571753E-002
   3.8352993873697422E-002
   3.8597780053567482E-002
   3.8204710191324744E-002
   3.8120267346714316E-002
   3.8271057240903621E-002
   3.8397933984193389E-002
   3.8516872424340313E-002
   3.8644515750422985E-002
   3.8774243454429626E-002
   3.8901580320861065E-002
   3.9014057690542288E-002
   3.9105295187664209E-002
   3.9188736667152557E-002
   3.9261504192966784E-002
   3.9322297924211436E-002
   3.9380697022582324E-002
   3.9424589025287830E-002
   3.9448104261911039E-002
   3.9473051507086250E-002
   3.9503392949580170E-002
   3.9507287362838553E-002
   3.9488572110366445E-002
   3.9478545697877447E-002
   3.9477490105103340E-002
   3.9478549824551769E-002
   3.9469286891273075E-002
   3.9447783661636156E-002
   3.9413267700526472E-002
   3.9367665065607411E-002
   3.9322070831117537E-002
   3.9276467286463765E-002
   3.9230930723145374E-002
   3.9275839440946023E-002
   3.9519174287141634E-002
   3.9201258178062859E-002
   3.9041138042449762E-002
   3.8853065015830753E-002
   3.8650046467431212E-002
   3.8448385293793380E-002
   3.8257460120240644E-002
   3.8083911825902587E-002
   3.7939976217447179E-002
   3.7817137321882528E-002
   3.7767788888769055E-002
   3.8138303823209770E-002
   3.9476721434516041E-002
   3.8164216337689905E-002
   3.7249664491709196E-002
   3.6695539984939740E-002
   3.6277793933063386E-002
   3.5958063824904192E-002
   3.5709727354543808E-002
   3.4961329448919366E-002
   3.4526078354415034E-002
   3.4298810206409590E-002
   3.4088060293313946E-002
   3.3889027369633881E-002
   3.3702949346413123E-002
   3.3540507882021356E-002
   3.3420333618574154E-002
   3.3437299125201173E-002
   3.4074059718351285E-002
   3.4943710368921542E-002
   3.3642166932135363E-002
   3.2988523466943802E-002
   3.2598280843863750E-002
   3.2322244113252130E-002
   3.2113254821801322E-002
   3.1953863962295014E-002
   3.1840535826716351E-002
   3.1765206807045233E-002
   3.1727086073179409E-002
   3.1742453907574741E-002
   3.1766470908856433E-002
   3.1715689248189467E-002
   3.1812363580246798E-002
   3.1951862424892910E-002
   3.2142771079036993E-002
   3.2168715638558124E-002
   3.2343048382687652E-002
   3.2569086252346800E-002
   3.2811494166962461E-002
   3.3069940741935124E-002
   3.3347696337917530E-002
   3.3648273625839914E-002
   3.3970745623358813E-002
   3.4317551059805031E-002
   3.4684755151551616E-002
   3.5075341143358904E-002
   3.5490105487902164E-002
   3.5916865047197398E-002
   3.6367129554589879E-002
   3.6872813593071263E-002
   3.7102086997916270E-002
   3.7369144082984196E-002
   3.7838793474373571E-002
   3.8321801275613722E-002
   3.8812379003440471E-002
   3.9317023975387118E-002
   3.9829294663310089E-002
   4.0337726603929931E-002
   4.0833979029197540E-002
   4.1322730370638099E-002
   4.1820342722842074E-002
   4.2316445560825436E-002
   4.2790211785346664E-002
   4.3226500796607344E-002
   4.3614049148766813E-002
   4.3962295508338668E-002
   4.4283685800150706E-002
   4.4590890629474751E-002
   4.4895071042594804E-002
   4.5184285280768864E-002
   4.5445859141321564E-002
   4.5700048971039506E-002
   4.5953192087748139E-002
   4.6190406860640278E-002
   4.6403347585525771E-002
   4.6600744112296373E-002
   4.6828036870792074E-002
   4.7293382278942427E-002
   4.7763798272976575E-002
   4.7485822248450341E-002
   4.7900179588079003E-002
   4.8468302779851209E-002
   4.7504031029049355E-002
   4.7066069085166973E-002
   4.6814426111415695E-002
   4.6631919415027069E-002
   4.6492487044824553E-002
   4.6391069226348627E-002
   4.6318291074289475E-002
   4.6266724823002564E-002
   4.6245309668510808E-002
   4.6259609994830052E-002
   4.6327203733503255E-002
   4.6562936334082428E-002
   4.7501459689391949E-002
   4.8962014477055872E-002
   4.7667095108840166E-002
   4.6933672969273643E-002
   4.6605165263698962E-002
   4.6458587384967720E-002
   4.6471278035678569E-002
   4.6015119554111777E-002
   4.5458589461804019E-002
   4.5564856222850739E-002
   4.5703778952280442E-002
   4.5863347546595927E-002
   4.6047198174066446E-002
   4.6250035722033796E-002
   4.6461081046406151E-002
   4.6719985909948816E-002
   4.7229532222797951E-002
   4.8915577633673886E-002
   4.9845266289237508E-002
   4.8192807550723409E-002
   4.7511481080053701E-002
   4.7148867116339380E-002
   4.6915928983812631E-002
   4.6765701222429519E-002
   4.6668945026824636E-002
   4.6264227944522424E-002
   4.6125224793138360E-002
   4.6038104078651464E-002
   4.5957699895799016E-002
   4.5876482241255387E-002
   4.5787113127238009E-002
   4.5724407073575099E-002
   4.5476523850118224E-002
   4.5086864266694011E-002
   4.4949713250628694E-002
   4.4795874029238063E-002
   4.4621374817567720E-002
   4.4440467724425232E-002
   4.4271043459135094E-002
   4.4116230937295518E-002
   4.4007776932294893E-002
   4.3871422497288003E-002
   4.3019330012146841E-002
   4.2626832078665571E-002
   4.2355380564280738E-002
   4.2023763655604021E-002
   4.1657505553796444E-002
   4.1278085105697318E-002
   4.0905004111337767E-002
   4.0548511643567368E-002
   4.0214416237254448E-002
   3.9887705889411693E-002
   3.9558240499404221E-002
   3.9218038034035313E-002
   3.8860846666118824E-002
   3.8523537867821291E-002
   3.8223332563140117E-002
   3.7929264030359421E-002
   3.7623666448401455E-002
   3.7307887428899726E-002
   3.6988528510622003E-002
   3.6680927993045516E-002
   3.6398863704215460E-002
   3.6143786036785752E-002
   3.5903863180205109E-002
   3.5671809895916923E-002
   3.5465847038815189E-002
   3.5310488437384768E-002
   3.5202736906731487E-002
   3.5130106282278042E-002
   3.5088276190937656E-002
   3.5082096720066507E-002
   3.5125015196380831E-002
   3.5206127408549802E-002
   3.5343312325688755E-002
   3.5566048280435837E-002
   3.5932652138814886E-002
   3.6339051701000304E-002
   3.6748979110819965E-002
   3.8314010760565467E-002
   3.9449890858777419E-002
   3.7798949969161562E-002
   3.7086872913317005E-002
   3.6728400908768020E-002
   3.6574453773539121E-002
   3.6570734081183179E-002
   3.6666443458974969E-002
   3.6849071410465832E-002
   3.7063364086652645E-002
   3.7334975393312660E-002
   3.7699060464858887E-002
   3.7914424137800273E-002
   3.8190325974791488E-002
   3.8481928260821717E-002
   3.8796863031581384E-002
   3.9120497145922362E-002
   3.9435018876809433E-002
   3.9756705725119162E-002
   4.0097350703492608E-002
   4.0408232273918210E-002
   4.0645157024330872E-002
   4.0946827568698302E-002
   4.1239737458948766E-002
   4.1537000228277283E-002
   4.1829940599912796E-002
   4.2096781786394241E-002
   4.2341067245872624E-002
   4.2584918133128528E-002
   4.2824067918333465E-002
   4.3057750090983470E-002
   4.3299372752721700E-002
   4.3565370961681629E-002
   4.3933698103388971E-002
   4.4827308866371533E-002
   4.7706745340368305E-002
   4.8148068434444705E-002
   4.5366619023777623E-002
   4.3930747405264300E-002
   4.3035569409112254E-002
   4.2381267731809613E-002
   4.1862182193291686E-002
   4.1422758976506900E-002
   4.1040655760904328E-002
   4.0695371512972860E-002
   4.0383993857907016E-002
   4.0110758712092347E-002
   3.9866081035951219E-002
   3.9648538183248927E-002
   3.9442089960262751E-002
   3.9240964483366378E-002
   3.9055758134126733E-002
   3.8902582431088580E-002
   3.8804077809140643E-002
   3.8778293881185741E-002
   3.8829571376404769E-002
   3.8978642819688707E-002
   3.8703614834295089E-002
   3.8062099226879836E-002
   3.7930416616797434E-002
   3.7770483599112267E-002
   3.7650721553677213E-002
   3.7605193604749038E-002
   3.7630483127283065E-002
   3.7713401894442042E-002
   3.7828679952704072E-002
   3.7963268937574360E-002
   3.8131521054840314E-002
   3.8336265518184996E-002
   3.8563442769300370E-002
   3.8803781631704289E-002
   3.9055939534064818E-002
   3.9319320093336815E-002
   3.9598101638173532E-002
   3.9897750140933386E-002
   4.0214797664559203E-002
   4.0547324430079572E-002
   4.0894955583238982E-002
   4.1254651472365109E-002
   4.1610659114982733E-002
   4.1947184616671213E-002
   4.2273142307435965E-002
   4.2599026099228492E-002
   4.2918903376378513E-002
   4.3227555257646655E-002
   4.3518441735788817E-002
   4.3777550531115920E-002
   4.4012944976610326E-002
   4.4245146906330461E-002
   4.4484694122291099E-002
   4.4744296979380448E-002
   4.5080137517843261E-002
   4.5866587330655226E-002
   4.8859690440660596E-002
   5.0044331504795488E-002
   4.6857859675253785E-002
   4.5222245709720152E-002
   4.4396934210074748E-002
   4.3973712434946945E-002
   4.2494584321471685E-002
   4.1364483994853991E-002
   4.0408492642030738E-002
   3.9544971249386648E-002
   3.8744091185415760E-002
   3.7985946687924287E-002
   3.7262201625995868E-002
   3.6573125916606483E-002
   3.5918174744527132E-002
   3.5307910252679521E-002
   3.4715512363013845E-002
   3.4135191367021873E-002
   3.3581409558762702E-002
   3.3045543327380356E-002
   3.2531924784065490E-002
   3.2047144869730738E-002
   3.1592455999683446E-002
   3.1169343609593350E-002
   3.0780791474561291E-002
   3.0427016960707858E-002
   3.0109349555440795E-002
   2.9824889995778706E-002
   2.9564837958463961E-002
   2.9342510195975412E-002
   2.9177435980589139E-002
   2.9075170135036767E-002
   2.9051979064877061E-002
   2.9144424310391014E-002
   2.9525898693291409E-002
   3.0933551299980076E-002
   3.1463505036578659E-002
   2.8725698601223971E-002
   2.8088492612031658E-002
   2.8020919774127500E-002
   2.8018598802606171E-002
   2.8040538958273336E-002
   2.8074134622251643E-002
   2.8119859954824588E-002
   2.8165730544029963E-002
   2.8195700302076989E-002
   2.8208136981617542E-002
   2.8220053953309374E-002
   2.8217656140781800E-002
   2.8211876517920668E-002
   2.8204660019280955E-002
   2.8191679225623677E-002
   2.8172306542402652E-002
   2.8149944314437354E-002
   2.8127017695181743E-002
   2.8102054687165222E-002
   2.8070549978378566E-002
   2.8040795837089738E-002
   2.8028074982376916E-002
   2.8050863041359821E-002
   2.8147791515283588E-002
   2.8376646356387432E-002
   2.7435524691630232E-002
   2.6782415101759303E-002
   2.6882157619046165E-002
   2.6963672371597011E-002
   2.7027115052600692E-002
   2.7082651895466839E-002
   2.7130883018868266E-002
   2.7177655038582802E-002
   2.7234020496150643E-002
   2.7291851777780436E-002
   2.7343842215407269E-002
   2.7395810466509900E-002
   2.7443651904477579E-002
   2.7489985413190053E-002
   2.7536749090327051E-002
   2.7591958453125471E-002
   2.7650564078329345E-002
   2.7694414371472045E-002
   2.7727719683694904E-002
   2.7751107477908297E-002
   2.7750885022452505E-002
   2.7733326256946696E-002
   2.7722957538408158E-002
   2.7715479842826012E-002
   2.7701494586998585E-002
   2.7694364366875047E-002
   2.7699515884589975E-002
   2.7716127400308706E-002
   2.7749378370568564E-002
   2.7822637768377234E-002
   2.8031554440756438E-002
   2.8359056393940301E-002
   2.8076694208020100E-002
   2.7952868075141406E-002
   2.7883410298154720E-002
   2.7819889911397850E-002
   2.7758694989803823E-002
   2.7700805529066581E-002
   2.7644099491011983E-002
   2.7607616914084688E-002
   2.7633265268901735E-002
   2.7721935631228933E-002
   2.7852793769537979E-002
   2.8012019426421980E-002
   2.8181989214999741E-002
   2.8367975674935427E-002
   2.8614018396835240E-002
   2.9123604641703701E-002
   3.0124913434405893E-002
   2.9648076245676089E-002
   2.9305481363201942E-002
   2.9161284472126958E-002
   2.9088410140517367E-002
   2.9081656669887556E-002
   2.9060517617967966E-002
   2.8333988255350183E-002
   2.8079088620280995E-002
   2.8136472723132636E-002
   2.8547774164495048E-002
   2.9162668539867355E-002
   2.8204812014415232E-002
   2.7622178768480488E-002
   2.7206848271531140E-002
   2.6844174709172580E-002
   2.6509312871406055E-002
   2.6180815127894535E-002
   2.5847380255057440E-002
   2.5516854234318459E-002
   2.5226759665856448E-002
   2.5032033702826407E-002
   2.3939244991142646E-002
   2.3567606248389258E-002
   2.3584833144939282E-002
   2.1921984663065792E-002
   2.0360408566343795E-002
   2.0267818460257530E-002
   2.0274826889196094E-002
   2.0288232400244664E-002
   2.0294155608734005E-002
   2.0299855734860921E-002
   2.0320801259413296E-002
   2.0385819152433378E-002
   2.0509382434953406E-002
   2.0674923450442986E-002
   2.0866246720130936E-002
   2.1064917381226227E-002
   2.1270516570133784E-002
   2.1479163259247386E-002
   2.1670148871724134E-002
   2.1870052791354396E-002
   2.1938462585541857E-002
   2.1644698968458439E-002
   2.1787445846288299E-002
   2.1988040275152384E-002
   2.2235297753798358E-002
   2.2527679095400203E-002
   2.2845632252239841E-002
   2.3169931899691812E-002
   2.3511049741392932E-002
   2.3875787239551402E-002
   2.4263966763564473E-002
   2.4654607906990308E-002
   2.5019876496697832E-002
   2.5362983642135583E-002
   2.5698982888302246E-002
   2.6012923706298784E-002
   2.6298087741725117E-002
   2.6580471119571122E-002
   2.6859302931349926E-002
   2.7129739410873155E-002
   2.7410875614808022E-002
   2.7706017383007781E-002
   2.7982227061856511E-002
   2.8202570557983451E-002
   2.8365029099914840E-002
   2.8525070845747246E-002
   2.8853072324990316E-002
   2.9896527230734892E-002
   3.0429415654504945E-002
   2.9537393681351491E-002
   2.9171623225110212E-002
   2.8952953674376506E-002
   2.8808748589754223E-002
   2.8705481035235996E-002
   2.8628459547382860E-002
   2.8566700655005901E-002
   2.8527728087668229E-002
   2.8508423836475529E-002
   2.8506589690662637E-002
   2.8555104038478916E-002
   2.8767441243997258E-002
   2.8727551029079618E-002
   2.8561165931697444E-002
   2.8512112162275192E-002
   2.8506298885218936E-002
   2.8517828074503863E-002
   2.8525678610517750E-002
   2.8533787796619189E-002
   2.8564721650225711E-002
   2.8580266842625286E-002
   2.8605230287974553E-002
   2.8620764636898027E-002
   2.8617657820088262E-002
   2.8620373597885041E-002
   2.8630447198987344E-002
   2.8642098492152376E-002
   2.8660260116300851E-002
   2.8700613156608958E-002
   2.8841376139035133E-002
   2.9584863901281150E-002
   3.1982162675667669E-002
   3.0069444164510181E-002
   2.8538708576025720E-002
   2.7687824082370013E-002
   2.7072222886576309E-002
   2.6595646233851990E-002
   2.6205335408308307E-002
   2.5886851644998991E-002
   2.5621212421136245E-002
   2.5436029031094615E-002
   2.5328449804819672E-002
   2.5101864711631752E-002
   2.4852989203096282E-002
   2.4803140949494599E-002
   2.4753472764469930E-002
   2.4764913868529581E-002
   2.4804812942005025E-002
   2.4871727126010740E-002
   2.4950027072925995E-002
   2.5031672419320774E-002
   2.5127770249783552E-002
   2.5230837024386752E-002
   2.5339215886892377E-002
   2.5446080990170743E-002
   2.5554318896560360E-002
   2.5696530185729413E-002
   2.5490962052409534E-002
   2.5481848332845926E-002
   2.5540202529824071E-002
   2.5583042478546585E-002
   2.5610771050888759E-002
   2.5620499642566963E-002
   2.5619462142473685E-002
   2.5617154338392779E-002
   2.5605122369912619E-002
   2.5573814365990752E-002
   2.5515092587954348E-002
   2.5420371587400153E-002
   2.5291653437691734E-002
   2.5139706064051595E-002
   2.4980878351257910E-002
   2.4827154639508957E-002
   2.4696311024706725E-002
   2.4584268023789106E-002
   2.4479471525300674E-002
   2.4384982770600319E-002
   2.4295530770842372E-002
   2.4205248301558079E-002
   2.4117007242552811E-002
   2.4051840531337170E-002
   2.4017768178699692E-002
   2.4012993055119513E-002
   2.4037578540068723E-002
   2.4088840364946344E-002
   2.4173098290817398E-002
   2.4283104518624993E-002
   2.4422052762453104E-002
   2.4602844847491270E-002
   2.4815599365044346E-002
   2.5085632227895976E-002
   2.5555693075219082E-002
   2.5608158652345229E-002
   2.5762950654780192E-002
   2.6083546822285215E-002
   2.6768995186774284E-002
   2.6610498199964451E-002
   2.6580402792154463E-002
   2.6651699818854846E-002
   2.6757171942394596E-002
   2.6899730745593053E-002
   2.7085476375153465E-002
   2.7325785760176878E-002
   2.7591023610910339E-002
   2.7880084784604887E-002
   2.8177548895373820E-002
   2.8483062665225347E-002
   2.8802732639846958E-002
   2.9149859116580863E-002
   2.9573602881222960E-002
   2.9958665639962807E-002
   3.0203365439642388E-002
   3.0485318523799706E-002
   3.0758515493108759E-002
   3.1033392849210771E-002
   3.1316039615227075E-002
   3.1605519658169032E-002
   3.1902796398073224E-002
   3.2200806073270978E-002
   3.2492676011129894E-002
   3.2762519052231577E-002
   3.3029988990853368E-002
   3.3282939116912887E-002
   3.3499130744947377E-002
   3.3701925237770450E-002
   3.3914007992134315E-002
   3.4130513040243803E-002
   3.4352840298719288E-002
   3.4650494187909317E-002
   3.5358047165660628E-002
   3.5412310034668631E-002
   3.5006047926523662E-002
   3.4971940508539495E-002
   3.4997106656711990E-002
   3.5022064456528973E-002
   3.5033732654290051E-002
   3.5046753898803240E-002
   3.5071768345275589E-002
   3.5103150003828736E-002
   3.5138276208770212E-002
   3.5178139281120513E-002
   3.5221687504340890E-002
   3.5265899536278282E-002
   3.5311452167247320E-002
   3.5360868868739445E-002
   3.5413576521156460E-002
   3.5462737549570036E-002
   3.5515327164693147E-002
   3.5582034241816281E-002
   3.5698665814580616E-002
   3.5668993380451201E-002
   3.5213075006919219E-002
   3.5321574532429408E-002
   3.5440614393273680E-002
   3.5549890115745261E-002
   3.5657845220890487E-002
   3.5775186825372667E-002
   3.5897653571107017E-002
   3.6012989046724141E-002
   3.6120124109807250E-002
   3.6218242935536923E-002
   3.6317911533978821E-002
   3.6423907561453722E-002
   3.6539243228203899E-002
   3.6669852503461650E-002
   3.6802181645121834E-002
   3.6931056817507961E-002
   3.7063824451647867E-002
   3.7198198661614827E-002
   3.7337109177713032E-002
   3.7484532524953859E-002
   3.7634662105804774E-002
   3.7782397249900859E-002
   3.7929051862716952E-002
   3.8080941174167104E-002
   3.8233924272305736E-002
   3.8382611511536359E-002
   3.8529875472238705E-002
   3.8670819436882872E-002
   3.8799596529297702E-002
   3.8918975754839540E-002
   3.9038976970595045E-002
   3.9162783451215426E-002
   3.9282282347015134E-002
   3.9401342628754665E-002
   3.9525726953078370E-002
   3.9650919232049470E-002
   3.9811257452412409E-002
   4.0143970641026296E-002
   4.0200596149826434E-002
   4.0211815331066963E-002
   4.0373051221636820E-002
   4.0112257031939012E-002
   4.0050878424800360E-002
   4.0049196270621021E-002
   4.0089243344954228E-002
   4.0160487582742918E-002
   4.0243079806590483E-002
   4.0326710851018785E-002
   4.0400463136273310E-002
   4.0472429261980511E-002
   4.0539750433720614E-002
   4.0601386325487362E-002
   4.0671978193519670E-002
   4.0743193250128797E-002
   4.0804214759763806E-002
   4.0843167602140400E-002
   4.0872759907388020E-002
   4.0906990944852388E-002
   4.0920092649322365E-002
   4.0957513785842337E-002
   4.1009903887833966E-002
   4.1082919330431601E-002
   4.1191223004586067E-002
   4.1394782150658657E-002
   4.1928486983746981E-002
   4.3276794607996091E-002
   4.3250270678508423E-002
   4.2317956341406407E-002
   4.1962634282230404E-002
   4.1795211881021095E-002
   4.1719200011961513E-002
   4.1706952347763795E-002
   4.1739743890364354E-002
   4.1692482745093885E-002
   4.1804237062871855E-002
   4.1944265660389099E-002
   4.2110898035555414E-002
   4.2306948835077553E-002
   4.2527129064418058E-002
   4.2737066385036639E-002
   4.2979708736616350E-002
   4.3231107899206811E-002
   4.3485763912930304E-002
   4.3748332009300860E-002
   4.4023800606742679E-002
   4.4304280952920334E-002
   4.4589553518602082E-002
   4.4882235875347731E-002
   4.5175788389737938E-002
   4.5468172611456310E-002
   4.5762301773809647E-002
   4.6055040647147584E-002
   4.6343403376144808E-002
   4.6626513672749816E-002
   4.6912297459034073E-002
   4.7211519054402414E-002
   4.7536090043412159E-002
   4.7703730950431955E-002
   4.8001631854582540E-002
   4.8302151447894681E-002
   4.8594895803024486E-002
   4.8886835328364409E-002
   4.9173988185966667E-002
   4.9452354549609771E-002
   4.9733652899722862E-002
   5.0018298752225007E-002
   5.0294435457610413E-002
   5.0564509352301300E-002
   5.0836205381361847E-002
   5.1105683959671529E-002
   5.1368264478868317E-002
   5.1620350787413942E-002
   5.1868587616455422E-002
   5.2126110305352823E-002
   5.2396985448108779E-002
   5.2684003837790885E-002
   5.2984343978359889E-002
   5.3265308076930182E-002
   5.3491352394533231E-002
   5.3661022088490710E-002
   5.3816961919683215E-002
   5.4019631864767832E-002
   5.4399729602014821E-002
   5.5134087896298832E-002
   5.5078508660877185E-002
   5.5126145459854364E-002
   5.5478004834251908E-002
   5.5527851112125146E-002
   5.5538251841805934E-002
   5.5633627783754795E-002
   5.5759678210092485E-002
   5.5900384891028866E-002
   5.6050636417321338E-002
   5.6216605838147034E-002
   5.6390440759094010E-002
   5.6574095451119008E-002
   5.6786067376076318E-002
   5.7100767549786310E-002
   5.7789449983384554E-002
   5.8690061681729203E-002
   5.8192709736661165E-002
   5.7981558946345380E-002
   5.7972539872004715E-002
   5.8035397047539433E-002
   5.8146343142965677E-002
   5.8295742580353437E-002
   5.8235477552164822E-002
   5.8079078570846890E-002
   5.8227770861216409E-002
   5.8406425965050024E-002
   5.8629540845280458E-002
   5.8968540333764141E-002
   5.9748613025869458E-002
   6.2336931989751654E-002
   6.3797297070321335E-002
   6.1561137857065157E-002
   5.9643194327535703E-002
   5.8708193901040498E-002
   5.8122663291676070E-002
   5.7728570435136073E-002
   5.7461205858670893E-002
   5.7282637614517504E-002
   5.7170256124152656E-002
   5.7112849018469344E-002
   5.7097234276545325E-002
   5.7120417204236718E-002
   5.7166301407857105E-002
   5.7226962556771732E-002
   5.7307789578907149E-002
   5.7411042462518054E-002
   5.7540512474495840E-002
   5.7569232524035334E-002
   5.7717635409685476E-002
