   4.1364122367277698E-002
   3.4813296033809893E-002
   3.1207176487871503E-002
   2.8018467230697067E-002
   2.5045449374101518E-002
   2.2708257631939174E-002
   2.1544839832197293E-002
   2.0768420676972304E-002
   1.9548811963532350E-002
   1.8713750525168570E-002
   1.8152482991790505E-002
   1.7591762543863427E-002
   1.6870003246300315E-002
   1.6498935325687442E-002
   1.6229001700098711E-002
   1.5985377341936405E-002
   1.5790344301385137E-002
   1.5774914684332463E-002
   1.5687706110820952E-002
   1.5526288513962656E-002
   1.5377526799922221E-002
   1.5308579148358632E-002
   1.5318105348556654E-002
   1.5382633019340239E-002
   1.5335797021831103E-002
   1.4838193884134716E-002
   1.4314469281530589E-002
   1.4111377575136372E-002
   1.4129488628435764E-002
   1.4339728730573731E-002
   1.4576710657124662E-002
   1.4790303285812333E-002
   1.4990550446965250E-002
   1.5144057222309498E-002
   1.5167563795550530E-002
   1.5138759250196683E-002
   1.5100992290520324E-002
   1.5350370247564788E-002
   1.7795694608929130E-002
   1.3707458596298511E-002
   1.3742125778720887E-002
   1.3778607983330381E-002
   1.3815846852726785E-002
   1.3897111180442921E-002
   1.4019943717667958E-002
   1.4204702500248077E-002
   1.4462881312654925E-002
   1.4752921674391668E-002
   1.4929611142338945E-002
   1.4991617659715807E-002
   1.5017331221229582E-002
   1.5057363714514799E-002
   1.5133073705992969E-002
   1.5271284676018555E-002
   1.5413633233465745E-002
   1.5548529390677069E-002
   1.5695847137899569E-002
   1.5862645615738830E-002
   1.6010114252127138E-002
   1.6130166575079558E-002
   1.6257178771023516E-002
   1.6443902150670944E-002
   1.6696786042537555E-002
   1.7020264319875938E-002
   1.7354267407688504E-002
   1.7662000803602040E-002
   1.7928403331376387E-002
   1.8082086477648182E-002
   1.8212586676340358E-002
   1.8357366317958847E-002
   1.8529931253898020E-002
   1.8685688484923229E-002
   1.8817451160161230E-002
   1.8994478879657131E-002
   1.9227063858080113E-002
   1.9416443053783775E-002
   1.9454458252303297E-002
   1.9379057079559701E-002
   1.9227515295621375E-002
   1.9031783493063541E-002
   1.8875206615256546E-002
   1.8758858993799015E-002
   1.8630160390603546E-002
   1.8493093820086234E-002
   1.8269378469870590E-002
   1.7908882995403604E-002
   1.7482656632509083E-002
   1.7068002109854482E-002
   1.6700628648776278E-002
   1.6311346888874794E-002
   1.5898472666262781E-002
   1.5544760979320241E-002
   1.5291448957831064E-002
   1.5111403603630535E-002
   1.4968587785737895E-002
   1.4868899626717010E-002
   1.4808144391882532E-002
   1.4761970471129293E-002
   1.4699691971042646E-002
   1.4628754398139109E-002
   1.4572992870954517E-002
   1.4578287765598696E-002
   1.4682126005704848E-002
   1.4989782476692554E-002
   1.4961357145668481E-002
   1.4990816816694062E-002
   1.5119562051894707E-002
   1.5268059552806261E-002
   1.5398466936699658E-002
   1.5499446987379758E-002
   1.5583037531494506E-002
   1.5688536485664609E-002
   1.5818538663452460E-002
   1.5966141866827380E-002
   1.6135005638457853E-002
   1.6312686243260797E-002
   1.6482226317326317E-002
   1.6674023789820733E-002
   1.6884989603214443E-002
   1.7121263574562461E-002
   1.7375888308667129E-002
   1.7635816858800325E-002
   1.7882724280593267E-002
   1.8121442576483279E-002
   1.8346996592322258E-002
   1.8531614718274241E-002
   1.8665058684529695E-002
   1.8761685401016123E-002
   1.8808784514207769E-002
   1.8796050212425846E-002
   1.8769587854312715E-002
   1.8732776714863723E-002
   1.8957270567576349E-002
   1.8768791840725180E-002
   1.8475580449219185E-002
   1.7987844198967606E-002
   1.7630637079588597E-002
   1.7350648423190160E-002
   1.7086432136607665E-002
   1.6794339488756808E-002
   1.6508154255082303E-002
   1.6283351971841761E-002
   1.6139935802727691E-002
   1.5983896271007571E-002
   1.5838802492251700E-002
   1.5375245197363907E-002
   1.5408572249187536E-002
   1.5517818543771413E-002
   1.5678272251644598E-002
   1.5855510785805920E-002
   1.6076479379138333E-002
   1.6279900348065750E-002
   1.6510638502107843E-002
   1.6710416302414963E-002
   1.6905881133965697E-002
   1.7063728254208824E-002
   1.7222315756856569E-002
   1.7441179533112978E-002
   1.7710787860333688E-002
   1.8019085629526400E-002
   1.8376276385911251E-002
   1.8701457817378635E-002
   1.8989633696663222E-002
   1.9229748899279784E-002
   1.9451062070511255E-002
   1.9647704945503813E-002
   1.9836913933562548E-002
   2.0016747045821775E-002
   2.0207750299956993E-002
   2.0398260633083823E-002
   2.0571964750885241E-002
   2.0698055601730360E-002
   2.0764684853869911E-002
   2.0822185688589432E-002
   2.0891245127356239E-002
   2.0896362301579798E-002
   2.1013982577072175E-002
   2.1168735812772507E-002
   2.1339594893935127E-002
   2.1515013090813717E-002
   2.1718881186344786E-002
   2.1863894211429778E-002
   2.2007177069807926E-002
   2.2166296310622492E-002
   2.2321800869191586E-002
   2.2473157058606336E-002
   2.2650851874362318E-002
   2.2755585151136813E-002
   2.2866294951965481E-002
   2.2998337809765342E-002
   2.3139443295171192E-002
   2.3241932495389979E-002
   2.3310911420578593E-002
   2.3398848630076258E-002
   2.3517132692934685E-002
   2.3648668171734270E-002
   2.3797679983236397E-002
   2.3984891011211831E-002
   2.4334464769682145E-002
   2.5523689568990031E-002
   2.5376604703374276E-002
   2.4291138750146057E-002
   2.3800040970625758E-002
   2.3442615703190884E-002
   2.3111133277050798E-002
   2.2822343132086750E-002
   2.2557480422791001E-002
   2.2264402563759354E-002
   2.1911404301615284E-002
   2.1514762787046230E-002
   2.1129796154771615E-002
   2.0771154702172893E-002
   2.0450238601635404E-002
   2.0164407051352012E-002
   1.9880754702494167E-002
   1.9556567342144927E-002
   1.9209140346633534E-002
   1.8889000899432181E-002
   1.8603197951571778E-002
   1.8335833123632891E-002
   1.8068817904993546E-002
   1.7786092617650642E-002
   1.7498822299312721E-002
   1.7228963421694030E-002
   1.6968605912889404E-002
   1.6731106020955327E-002
   1.6515431082439067E-002
   1.6318884068756846E-002
   1.6149571465682269E-002
   1.6005512704277264E-002
   1.5877489426773524E-002
   1.5755538304513834E-002
   1.5648966974198434E-002
   1.5562744588858403E-002
   1.5489693129920818E-002
   1.5432646678214892E-002
   1.5385132379714445E-002
   1.5342931519241517E-002
   1.5319548160716203E-002
   1.5328807687892377E-002
   1.5437463992138349E-002
   1.5919093688061870E-002
   1.5673311245292764E-002
   1.5476836081309052E-002
   1.5404294140782582E-002
   1.5380670335112621E-002
   1.5397499150579027E-002
   1.5447840274303105E-002
   1.5528230127267704E-002
   1.5645153763907297E-002
   1.5795901055889919E-002
   1.5978723346196429E-002
   1.6196205717156100E-002
   1.6439997946013186E-002
   1.6703720151029791E-002
   1.6979825234856253E-002
   1.7263070832515132E-002
   1.7566792482186289E-002
   1.7881678441756976E-002
   1.8192946577565861E-002
   1.8518428368424673E-002
   1.8872512825178038E-002
   1.9206449615260707E-002
   1.9522729335912276E-002
   1.9791521574731664E-002
   2.0025468769704412E-002
   2.0241998167687784E-002
   2.0423033922027229E-002
   2.0623882117014533E-002
   2.0824271510525488E-002
   2.1032409112823509E-002
   2.1234159395611470E-002
   2.1399838641110697E-002
   2.1524709504035788E-002
   2.1616815058156425E-002
   2.1691589014728428E-002
   2.1780549470651535E-002
   2.1871570243594273E-002
   2.1954035751806860E-002
   2.2045334096120243E-002
   2.2166858374076580E-002
   2.2258816953879837E-002
   2.2390505696032192E-002
   2.2506561357647482E-002
   2.2616705390762954E-002
   2.2728548254593244E-002
   2.2851473479107778E-002
   2.2999645182810096E-002
   2.3173504743910937E-002
   2.3379025406838415E-002
   2.3606604811514099E-002
   2.3831704685098369E-002
   2.4076660226796082E-002
   2.4348825438891906E-002
   2.4627284660816630E-002
   2.4928561297888552E-002
   2.5347148196882604E-002
   2.6029254834803093E-002
   2.6081610189650641E-002
   2.6250229712859507E-002
   2.6461889213321422E-002
   2.6686653486793898E-002
   2.6941417612424506E-002
   2.7244983964702194E-002
   2.7581115250353030E-002
   2.7723060170164522E-002
   2.7945035271356233E-002
   2.8152062069983518E-002
   2.8374242222508242E-002
   2.8573645599656187E-002
   2.8750460781197629E-002
   2.8914127863288619E-002
   2.9053069101463710E-002
   2.9164899805995171E-002
   2.9259251465135003E-002
   2.9359434422511758E-002
   2.9473597049671570E-002
   2.9593357541231904E-002
   2.9705877967192016E-002
   2.9810198397000807E-002
   2.9927484697329008E-002
   3.0064301712020593E-002
   3.0216219750784184E-002
   3.0356092423184915E-002
   3.0462199251391726E-002
   3.0562040063003223E-002
   3.0664692069453027E-002
   3.0750625701832648E-002
   3.0816653111881337E-002
   3.0864528336336263E-002
   3.0901646630881976E-002
   3.0953336835562471E-002
   3.0927381204473092E-002
   3.0905467287003888E-002
   3.0910536880735653E-002
   3.0902441819324750E-002
   3.0872080489501925E-002
   3.0828526783476595E-002
   3.0770120982293082E-002
   3.0712426974467015E-002
   3.0646689927803530E-002
   3.0568645701617842E-002
   3.0479430639119329E-002
   3.0381245411063015E-002
   3.0269915726118993E-002
   3.0143930989954468E-002
   2.9995236108899655E-002
   2.9828192118768942E-002
   2.9649226634301837E-002
   2.9454342038378208E-002
   2.9245092620427200E-002
   2.9023825122319755E-002
   2.8802586839028831E-002
   2.8572054386858482E-002
   2.8324171090679969E-002
   2.8067155035705914E-002
   2.7794450393882949E-002
   2.7502276426937516E-002
   2.7197119544297248E-002
   2.6848330905772839E-002
   2.6532617231153053E-002
   2.6234326854557850E-002
   2.5948061147817301E-002
   2.5679988745089803E-002
   2.5430049455035481E-002
   2.5187517672305801E-002
   2.4948507392002814E-002
   2.4750252251778033E-002
   2.4667283691265769E-002
   2.4587472502470339E-002
   2.4377124365045858E-002
   2.4264477104498607E-002
   2.4193653908049183E-002
   2.4152139104025562E-002
   2.4133397533645663E-002
   2.4145393428122868E-002
   2.4192438774456222E-002
   2.4259671058303098E-002
   2.4339751022632122E-002
   2.4457593541631975E-002
   2.4658722832983176E-002
   2.5139779469750774E-002
   2.6805006976796733E-002
   2.7027173172542687E-002
   2.5726728936011453E-002
   2.5319244371396817E-002
   2.5177742963450975E-002
   2.5146796875669647E-002
   2.5145167206155176E-002
   2.5223982932962734E-002
   2.5365657189841830E-002
   2.5560403126308189E-002
   2.5829551418274279E-002
   2.6052063680633814E-002
   2.5908609494960849E-002
   2.6202153143039225E-002
   2.6502453120016919E-002
   2.6822430101015225E-002
   2.7155950040323756E-002
   2.7478666929782066E-002
   2.7775903434844536E-002
   2.8062711442302171E-002
   2.8352619590464364E-002
   2.8635719426896317E-002
   2.8913704332913199E-002
   2.9206184930220314E-002
   2.9510820365875105E-002
   2.9807307716120810E-002
   3.0079291099768646E-002
   3.0326776328285510E-002
   3.0562692165123410E-002
   3.0799210510440166E-002
   3.1042603627296751E-002
   3.1289403034000081E-002
   3.1386097076725537E-002
   3.1574459736973232E-002
   3.1749527943526569E-002
   3.1912931548469151E-002
   3.2064974022449406E-002
   3.2219196665028774E-002
   3.2374512206037827E-002
   3.2481688742215402E-002
   3.2549868897611529E-002
   3.2612240917574906E-002
   3.2683745726326111E-002
   3.2762369634068741E-002
   3.2831814181070951E-002
   3.2865155642646714E-002
   3.2875438178451163E-002
   3.2894073136257855E-002
   3.2927290843343580E-002
   3.2983234345504570E-002
   3.3050215969451242E-002
   3.3103615369789931E-002
   3.3141495121023365E-002
   3.3206372367415950E-002
   3.3334131164440992E-002
   3.3513398102473106E-002
   3.3710392802910757E-002
   3.3914633264979524E-002
   3.4154707148622288E-002
   3.4448535303365127E-002
   3.4787743402177260E-002
   3.5150847690045409E-002
   3.5506070306995346E-002
   3.5817183728608738E-002
   3.6094409099688120E-002
   3.6376752940233431E-002
   3.6691469903072670E-002
   3.7018906456565609E-002
   3.7315554611403630E-002
   3.7564128034444109E-002
   3.7809314206989415E-002
   3.8079742014534436E-002
   3.8348092862665488E-002
   3.8599729175052451E-002
   3.8845779488157033E-002
   3.9105384092840340E-002
   3.9379119298402467E-002
   3.9637226361121769E-002
   3.9868363355596452E-002
   4.0078908846809626E-002
   4.0264050066123047E-002
   4.0437280725599427E-002
   4.0615343529350631E-002
   4.0794940352023162E-002
   4.0877540681903392E-002
   4.1019560730906790E-002
   4.1249488700074749E-002
   4.1078944759520841E-002
   4.0991530567733830E-002
   4.0964809195997612E-002
   4.0932830310479659E-002
   4.0875889974746997E-002
   4.0796768345489683E-002
   4.0708555843295663E-002
   4.0615096022392619E-002
   4.0535497283137260E-002
   4.0458298265743826E-002
   4.0355314491073213E-002
   4.0235924049532003E-002
   4.0113479646355775E-002
   4.0032885699050426E-002
   4.0086420876280199E-002
   4.0856577683822039E-002
   4.4126724629437071E-002
   4.2130092219656544E-002
   3.9262310718991326E-002
   3.7687919081246135E-002
   3.6474094349686910E-002
   3.5434772531167211E-002
   3.4506463799500717E-002
   3.3680743870378053E-002
   3.3030549885635779E-002
   3.2818239907481832E-002
   3.2539052501295733E-002
   3.0356112427415316E-002
   2.9261863322511052E-002
   2.9031328651086423E-002
   2.8894759454719157E-002
   2.8830751773778286E-002
   2.8813648883501596E-002
   2.8822972043869598E-002
   2.8840704224551029E-002
   2.8860369934898048E-002
   2.8888105051199618E-002
   2.8933556360984720E-002
   2.9005966823398725E-002
   2.9106075765179928E-002
   2.9226869447314629E-002
   2.9346141341819412E-002
   2.9481866144451356E-002
   2.9655763721319957E-002
   2.9884401533026295E-002
   3.0151750876211567E-002
   3.0443366455507818E-002
   3.0747260226449424E-002
   3.1044038009128961E-002
   3.1314323795788870E-002
   3.1562021452828812E-002
   3.1803665071998492E-002
   3.2048247538300934E-002
   3.2289286823249858E-002
   3.2515416783168945E-002
   3.2717499086174322E-002
   3.2902338764248612E-002
   3.3080057769693076E-002
   3.3254352085935066E-002
   3.3430906124689894E-002
   3.3594902232443817E-002
   3.3743667224987395E-002
   3.3893033474904688E-002
   3.4034624526413537E-002
   3.4161787119451045E-002
   3.4272026026197416E-002
   3.4375813948349508E-002
   3.4484060412781715E-002
   3.4586265178907533E-002
   3.4665324703453015E-002
   3.4718927549140410E-002
   3.4745024535271923E-002
   3.4737987157799459E-002
   3.4707068368116462E-002
   3.4669139862579572E-002
   3.4626615956233210E-002
   3.4597011383310311E-002
   3.4586983333430833E-002
   3.4600134607277289E-002
   3.4650767143197612E-002
   3.4755703612592941E-002
   3.4925158692849435E-002
   3.5141049764569852E-002
   3.5367548975765981E-002
   3.5644204060273556E-002
   3.5960212647379412E-002
   3.5643689686002102E-002
   3.6034516906797619E-002
   3.7161014209786264E-002
   3.6029958410679193E-002
   3.5477664762598962E-002
   3.5258052758155446E-002
   3.5191187903885937E-002
   3.5230170459563656E-002
   3.5343623170866041E-002
   3.5527176792352642E-002
   3.5763192396887876E-002
   3.6064323140596613E-002
   3.6426426339857897E-002
   3.6842859513690616E-002
   3.7311871994710158E-002
   3.7799377235686028E-002
   3.8308850163777219E-002
   3.8829657783630241E-002
   3.9332925507343429E-002
   3.9813720274831398E-002
   4.0286820003635759E-002
   4.0766308448069430E-002
   4.1240789958282328E-002
   4.1693624010092641E-002
   4.2112962601755309E-002
   4.2511819964711491E-002
   4.2905171868887322E-002
   4.3289581997201405E-002
   4.3678957686931100E-002
   4.4097462515843934E-002
   4.4680661242544273E-002
   4.6128255804789610E-002
   5.0022300982072415E-002
   5.0081611542116058E-002
   4.6661310170206007E-002
   4.4727089132175962E-002
   4.3529893321751792E-002
   4.2620356975388463E-002
   4.1873547292881445E-002
   4.1230555295470109E-002
   4.0655814528774148E-002
   4.0142442192751503E-002
   3.9725535162511087E-002
   3.8915972336589784E-002
   3.8361905414547710E-002
   3.8038411387617009E-002
   3.7761330036321823E-002
   3.7516955872868830E-002
   3.7300173270803018E-002
   3.7120786725037887E-002
   3.6977149090964091E-002
   3.6871871066602779E-002
   3.6792635221906150E-002
   3.6733009659978590E-002
   3.6685019002401009E-002
   3.6641036866946829E-002
   3.6626169365014241E-002
   3.6614399968473529E-002
   3.6295560747618430E-002
   3.6305086570082329E-002
   3.6343504861025423E-002
   3.6395141224332642E-002
   3.6441529501038523E-002
   3.6468747799055082E-002
   3.6479796947216467E-002
   3.6463907042782844E-002
   3.6433049157712921E-002
   3.6419982462328429E-002
   3.6408951163774544E-002
   3.6386203503993651E-002
   3.6363593572306001E-002
   3.6353920062691190E-002
   3.6343816003561923E-002
   3.6321060391890606E-002
   3.6291376399049204E-002
   3.6235943489679491E-002
   3.6154392568934456E-002
   3.6061854710285668E-002
   3.5963374597275950E-002
   3.5854768517862734E-002
   3.5732672920373534E-002
   3.5607225524987129E-002
   3.5478442123036781E-002
   3.5344799482767114E-002
   3.5204401203278522E-002
   3.5081999239301623E-002
   3.5038325175091013E-002
   3.5376010380268261E-002
   3.5597901057171762E-002
   3.4770442873826482E-002
   3.4391562078231470E-002
   3.4166693315851419E-002
   3.4184972469303555E-002
   3.5034522731949354E-002
   3.6849419309945605E-002
   3.5266126143911308E-002
   3.3361593034328674E-002
   3.2246405429089339E-002
   3.1383985998900923E-002
   3.0687274775519580E-002
   3.0119189344073247E-002
   2.9660825588899587E-002
   2.9270133295313701E-002
   2.8949510116366633E-002
   2.8683806463530956E-002
   2.8468419678422646E-002
   2.8295448200293602E-002
   2.8151757227994338E-002
   2.8043524368614067E-002
   2.7980639013858451E-002
   2.7965268103554295E-002
   2.8000893077677651E-002
   2.8087176952567263E-002
   2.8218300871612853E-002
   2.8388151657193043E-002
   2.8591275363848430E-002
   2.8818869291941298E-002
   2.9085205633119716E-002
   2.9420231456432345E-002
   2.9861124488810564E-002
   3.0551561841101166E-002
   3.1647624669244465E-002
   3.1816597333381519E-002
   3.2655435916622032E-002
   3.3512921201678529E-002
   3.3093317212210364E-002
   3.3189789709931174E-002
   3.3030126273838695E-002
   3.3168627142276849E-002
   3.3449464282640999E-002
   3.3748331094644514E-002
   3.4034829311444116E-002
   3.4300306600208330E-002
   3.4597471492537883E-002
   3.4887607407972143E-002
   3.5166088932134985E-002
   3.5426686761432909E-002
   3.5674542420995915E-002
   3.5902113775552871E-002
   3.6109791277308990E-002
   3.6295946803556398E-002
   3.6452325061184211E-002
   3.6580654897171550E-002
   3.6694490607417349E-002
   3.6803568293877341E-002
   3.6913479935246414E-002
   3.7027379978134385E-002
   3.7146122153084660E-002
   3.7301672588078559E-002
   3.7508896486945782E-002
   3.6759581344377762E-002
   3.6341352327092888E-002
   3.6308498853756782E-002
   3.6242553959882656E-002
   3.6180246901984216E-002
   3.6134481206200018E-002
   3.6105841150705267E-002
   3.6085817142127399E-002
   3.6070634951705316E-002
   3.6072195820494334E-002
   3.6091807528780377E-002
   3.6133500004371467E-002
   3.6204247811468873E-002
   3.6300486702606820E-002
   3.6416402550973219E-002
   3.6564733985809755E-002
   3.6750942406917765E-002
   3.6965774629314309E-002
   3.7201020451984708E-002
   3.7449116337994873E-002
   3.7718738621251503E-002
   3.8005729736655072E-002
   3.8293329544688295E-002
   3.8588675755446555E-002
   3.8891335275663338E-002
   3.9195846311685455E-002
   3.9507780504216987E-002
   3.9835268935602887E-002
   4.0205819377447716E-002
   4.0697713504994570E-002
   4.1618672125350524E-002
   4.3794521669181338E-002
   4.4442179136106916E-002
   4.3024109956296130E-002
   4.2387534295318656E-002
   4.2123135210099791E-002
   4.1885254649031749E-002
   4.1697407616350039E-002
   4.1548912665913693E-002
   4.1421905485572195E-002
   4.1300919049645855E-002
   4.1170657823876279E-002
   4.1057375806012153E-002
   4.0949981184405619E-002
   4.0825382668598136E-002
   4.0667858549142837E-002
   4.0461402503753463E-002
   4.0222782447550343E-002
   3.9972617575504861E-002
   3.9709815843070442E-002
   3.9417693760490619E-002
   3.9094228085607564E-002
   3.8778149687785916E-002
   3.8576986633976157E-002
   3.8816191972008293E-002
   3.8109123789160648E-002
   3.7279329823417903E-002
   3.6640921618717688E-002
   3.6051944627106924E-002
   3.5499932991533846E-002
   3.4988432476265353E-002
   3.4488092871892577E-002
   3.3779107786761339E-002
   3.3469004797399463E-002
   3.4229135292695688E-002
   3.5188985232780072E-002
   3.2631552324698367E-002
   3.1213082336181839E-002
   3.0173157441907791E-002
   2.9323560168754422E-002
   2.8623528563142962E-002
   2.7874336866050706E-002
   2.7336865820940186E-002
   2.6891945386474003E-002
   2.6616173213716125E-002
   2.5882573854859623E-002
   2.5131955816434074E-002
   2.5004300811353335E-002
   2.4930043482976352E-002
   2.4898935060728364E-002
   2.4903508715984991E-002
   2.4947686274545643E-002
   2.5033614562423971E-002
   2.5168043127538262E-002
   2.5356102744217755E-002
   2.5589272602442432E-002
   2.5864237665925688E-002
   2.6181041666482729E-002
   2.6525412259420747E-002
   2.6905210480042904E-002
   2.7026071999120792E-002
   2.6996572054395398E-002
   2.7327997629028100E-002
   2.7697989514383438E-002
   2.8097909793779848E-002
   2.8521516043242667E-002
   2.8966711050936397E-002
   2.9430192137194885E-002
   2.9913002219290399E-002
   3.0399783938558293E-002
   3.0879119722948791E-002
   3.1357324241903219E-002
   3.1833286563971615E-002
   3.2306153018096563E-002
   3.2775573756283295E-002
   3.3245866205259204E-002
   3.3719077937555714E-002
   3.4187647524072030E-002
   3.4654141048363500E-002
   3.5116731243203664E-002
   3.5564164179565511E-002
   3.5994698363570242E-002
   3.6407767044217561E-002
   3.6802151092191537E-002
   3.7177742677589456E-002
   3.7525449937981598E-002
   3.7832840768818925E-002
   3.8102231845645498E-002
   3.8339013924898274E-002
   3.8545525335112324E-002
   3.8721697911838958E-002
   3.8876345202187509E-002
   3.9025473621236623E-002
   3.9201152945473973E-002
   3.9564207983070566E-002
   4.0958044451749782E-002
   4.2509248974107322E-002
   4.0611547493045110E-002
   3.9485210913570712E-002
   3.8744788468603568E-002
   3.8092264868642020E-002
   3.7505708341550821E-002
   3.7051991717430080E-002
   3.6911766970188262E-002
   3.7633749660298713E-002
   3.6788635212077613E-002
   3.6063476438770420E-002
   3.5689776936555707E-002
   3.5454389961167315E-002
   3.5310067249618923E-002
   3.5224936920475118E-002
   3.5208611098893394E-002
   3.5255685417789125E-002
   3.5356668763466943E-002
   3.5504083315601537E-002
   3.5616504839366084E-002
   3.5750388431776629E-002
   3.5903472714197797E-002
   3.6081060712435560E-002
   3.6288951826190338E-002
   3.6498248134723431E-002
   3.6684890232557353E-002
   3.6905457730701072E-002
   3.7145518979699282E-002
   3.7406274358652819E-002
   3.7671940143463353E-002
   3.7913248689932739E-002
   3.8130541972857930E-002
   3.8351760272663245E-002
   3.8576414401001659E-002
   3.8797707273549684E-002
   3.9007913817094092E-002
   3.9208950430010624E-002
   3.9468058331354271E-002
   4.0097170172102410E-002
   4.2289029246550425E-002
   4.1882490066257265E-002
   4.0131439154112200E-002
   3.9332282172260188E-002
   3.8732291858197043E-002
   3.8222355737952095E-002
   3.7761150233651827E-002
   3.7314600209819970E-002
   3.6872098158932762E-002
   3.6447174024115819E-002
   3.6084101579619901E-002
   3.5646293902985585E-002
   3.4976251832082215E-002
   3.4657472404703384E-002
   3.4331303038615126E-002
   3.4020948559460244E-002
   3.3775805589069466E-002
   3.3666703966551616E-002
   3.2901574379360247E-002
   3.1765103248091960E-002
   3.1565166164350136E-002
   3.1405313357269690E-002
   3.1259068176110801E-002
   3.1124737700061113E-002
   3.0971045853481441E-002
   3.0754595697058625E-002
   3.0469523150095625E-002
   3.0154520815781367E-002
   2.9842912984692160E-002
   2.9543842932425471E-002
   2.9249606453139919E-002
   2.8941564138671383E-002
   2.8633616427746436E-002
   2.8348162295132175E-002
   2.8082376737768630E-002
   2.7842278511407376E-002
   2.7638311149826379E-002
   2.7463498986909689E-002
   2.7321896230193567E-002
   2.7212376224542568E-002
   2.7129175807037394E-002
   2.7071503498326766E-002
   2.7038454503362674E-002
   2.7024799694184063E-002
   2.7032720302409424E-002
   2.7073842090277703E-002
   2.7149953764538132E-002
   2.7258219715721115E-002
   2.7405523082150784E-002
   2.7595701847656522E-002
   2.7827521017527088E-002
   2.8102037791439795E-002
   2.8407811433695574E-002
   2.8738592232733947E-002
   2.9107174505830953E-002
   2.9508309882971238E-002
   2.9947445150464058E-002
   3.0508760189439862E-002
   3.1630518621407623E-002
   3.3959408251089868E-002
   3.3088159801871325E-002
   3.2296820488827177E-002
   3.2259886723090526E-002
   3.1956829986340841E-002
   3.1791277860648781E-002
   3.1701815503819196E-002
   3.1670199558069510E-002
   3.1689269574979133E-002
   3.1789467092920749E-002
   3.2155138339930493E-002
   3.2829266848615632E-002
   3.2293457576491442E-002
   3.2072310998161060E-002
   3.1982041552235406E-002
   3.1934455028153882E-002
   3.1901570994180221E-002
   3.1889162780792291E-002
   3.1936213332805989E-002
   3.1864219693211585E-002
   3.1128153865343039E-002
   3.1079506908770111E-002
   3.1094237394863777E-002
   3.1089867122278601E-002
   3.1084095517657648E-002
   3.1100727041570412E-002
   3.1135526409729254E-002
   3.1172262309977813E-002
   3.1213913922596707E-002
   3.1286705650652259E-002
   3.1389389879396407E-002
   3.1518491803443370E-002
   3.1750393363443638E-002
   3.2228910409688269E-002
   3.2102279700284321E-002
   3.2029610705130891E-002
   3.2087056245053328E-002
   3.2184348001586732E-002
   3.2274773799532669E-002
   3.2343962580645633E-002
   3.2420472001872411E-002
   3.2522089083542607E-002
   3.2645263526702870E-002
   3.2796465116604792E-002
   3.2979880338460311E-002
   3.2914455053698034E-002
   3.3045349092525558E-002
   3.3236770452037268E-002
   3.3429087750303177E-002
   3.3607898078736417E-002
   3.3760927565988016E-002
   3.3879784146071318E-002
   3.3979243868853017E-002
   3.4072984006968850E-002
   3.4150958427905873E-002
   3.4215001937473101E-002
   3.4278235269344454E-002
   3.4361378403977301E-002
   3.4527800218508542E-002
   3.3985311388560847E-002
   3.3789561351615732E-002
   3.3878040324624506E-002
   3.3926593822626701E-002
   3.3971857768185683E-002
   3.4042465533899280E-002
   3.4120059953140040E-002
   3.4193802451702365E-002
   3.4250750835788539E-002
   3.4290409230430738E-002
   3.4339521855073246E-002
   3.4386727983456433E-002
   3.4417222566668050E-002
   3.4433141217912626E-002
   3.4418438896474106E-002
   3.4390880899466805E-002
   3.4377946058027069E-002
   3.4377857727603663E-002
   3.4341429595649550E-002
   3.4279544242458541E-002
   3.4235516535642288E-002
   3.4209944168588309E-002
   3.4192432625096740E-002
   3.4164927767889368E-002
   3.4121751623634997E-002
   3.4063766767401547E-002
   3.4006282220198802E-002
   3.3958712582517189E-002
   3.3917856488579548E-002
   3.3885981303542291E-002
   3.3966266405814294E-002
   3.4294123482613431E-002
   3.3944213185783632E-002
   3.3807493566626046E-002
   3.3574997160432933E-002
   3.3314795620185050E-002
   3.3062543585858584E-002
   3.2832341953971875E-002
   3.2626904603979448E-002
   3.2457367450609030E-002
   3.2311893735161475E-002
   3.2230455337001564E-002
   3.2530812562770829E-002
   3.3585417690679138E-002
   3.2340019769642542E-002
   3.1600361303900933E-002
   3.1116359692521654E-002
   3.0742142280903606E-002
   3.0453010153311099E-002
   3.0212916756616727E-002
   2.9509567566695878E-002
   2.9130683678439580E-002
   2.8870660337059616E-002
   2.8608963580081411E-002
   2.8340479649867318E-002
   2.8066282674754129E-002
   2.7801251187809451E-002
   2.7575856246885667E-002
   2.7507026909486022E-002
   2.8130223545784171E-002
   2.8964104206131089E-002
   2.7380182861054442E-002
   2.6488137588683205E-002
   2.5852312722499795E-002
   2.5315978207894153E-002
   2.4837843985541373E-002
   2.4406510616457332E-002
   2.4014841735404961E-002
   2.3653508211153893E-002
   2.3347560507027253E-002
   2.3113132720147943E-002
   2.2909484553417091E-002
   2.2622250157013090E-002
   2.2503142273788374E-002
   2.2447791229291483E-002
   2.2469004018059943E-002
   2.2199366623092704E-002
   2.2156169106001045E-002
   2.2216251346294281E-002
   2.2298702014365512E-002
   2.2420358649475305E-002
   2.2596031268016164E-002
   2.2801188695246003E-002
   2.3042770599095239E-002
   2.3335854550013187E-002
   2.3662900403023469E-002
   2.4010629787022727E-002
   2.4364807451514998E-002
   2.4713635231591508E-002
   2.5073397897227602E-002
   2.5495258126454663E-002
   2.5550848881809422E-002
   2.5715031408089933E-002
   2.6105724867931071E-002
   2.6502298018696798E-002
   2.6926180823809251E-002
   2.7385631012208402E-002
   2.7852104833647556E-002
   2.8304470916606435E-002
   2.8721091930363787E-002
   2.9127456445784711E-002
   2.9540336789618482E-002
   2.9927981558331550E-002
   3.0287346314389087E-002
   3.0611657339339154E-002
   3.0879033779380099E-002
   3.1094984396327539E-002
   3.1291373267223803E-002
   3.1484526241518637E-002
   3.1665938462965879E-002
   3.1817669640014812E-002
   3.1964083788934790E-002
   3.2134911728167244E-002
   3.2322168844625049E-002
   3.2492493706295311E-002
   3.2629764469109576E-002
   3.2760360070548458E-002
   3.2912937029630350E-002
   3.3182982015420942E-002
   3.3344502747858988E-002
   3.3319225729569087E-002
   3.4020599421199317E-002
   3.4822410379329753E-002
   3.3454907444263458E-002
   3.2838942436906916E-002
   3.2496386635614535E-002
   3.2247146632020794E-002
   3.2042101700540691E-002
   3.1871101683482443E-002
   3.1717963759776230E-002
   3.1573560101729375E-002
   3.1452274946040588E-002
   3.1353597314695628E-002
   3.1300539446140765E-002
   3.1400412385710244E-002
   3.2170038312539881E-002
   3.3010894797565409E-002
   3.1660506772185223E-002
   3.1027145776741906E-002
   3.0669842382043271E-002
   3.0444852999165904E-002
   3.0337003263631122E-002
   2.9711510697163452E-002
   2.9305410342664401E-002
   2.9277693561280800E-002
   2.9284661466879438E-002
   2.9341034750276496E-002
   2.9432465812179186E-002
   2.9504761657714661E-002
   2.9543979089936053E-002
   2.9601148609964049E-002
   2.9749074727654753E-002
   3.0297708238683073E-002
   3.0048441340648539E-002
   2.9756921633011284E-002
   2.9659213442469617E-002
   2.9627772354290378E-002
   2.9617484722476644E-002
   2.9637410770471259E-002
   2.9665685213424508E-002
   2.9152732649841064E-002
   2.9090549381316770E-002
   2.9068459817261603E-002
   2.9043676365535970E-002
   2.9034420253914710E-002
   2.9063629777613099E-002
   2.9181979346558248E-002
   2.9002101389105705E-002
   2.8324796456203602E-002
   2.8281180024674311E-002
   2.8239158345289336E-002
   2.8178879644083929E-002
   2.8112498484586617E-002
   2.8035129734900806E-002
   2.7941108781913249E-002
   2.7888243620857230E-002
   2.7779222287817477E-002
   2.7014673675884667E-002
   2.6868565759506635E-002
   2.6701571743235952E-002
   2.6445480510643483E-002
   2.6128136845166121E-002
   2.5791409875917496E-002
   2.5457666894554080E-002
   2.5122517070031970E-002
   2.4785615950991144E-002
   2.4443969177818287E-002
   2.4090886097032572E-002
   2.3725002157495661E-002
   2.3347800810622321E-002
   2.2977052704821994E-002
   2.2625286688937814E-002
   2.2271848386774953E-002
   2.1900333714193778E-002
   2.1521632389347466E-002
   2.1153821314448252E-002
   2.0807402615581633E-002
   2.0470410125438480E-002
   2.0145427639875504E-002
   1.9842510297366625E-002
   1.9567809013059514E-002
   1.9334567627255873E-002
   1.9149291368984803E-002
   1.9010520710078662E-002
   1.8916334195367639E-002
   1.8865074029623920E-002
   1.8846795537286781E-002
   1.8876883863469241E-002
   1.8957945079194554E-002
   1.9093389510297095E-002
   1.9274940884700588E-002
   1.9491254042516778E-002
   1.9716085956296665E-002
   2.0002278021130804E-002
   2.0387712653614443E-002
   2.0694483331276537E-002
   2.0960723542551067E-002
   2.1225689060925625E-002
   2.1496529940859686E-002
   2.1798988421581761E-002
   2.2113346456558831E-002
   2.2437901714018618E-002
   2.2764228945357037E-002
   2.3071640803593533E-002
   2.3400409291705566E-002
   2.3818874577519911E-002
   2.3939028510173502E-002
   2.4135426876305436E-002
   2.4370098051099128E-002
   2.4610709287926358E-002
   2.4829436704076963E-002
   2.5035369864656029E-002
   2.5251038644070651E-002
   2.5472774145222719E-002
   2.5634985262354089E-002
   2.5703387452428318E-002
   2.5859633135047775E-002
   2.6018007600797574E-002
   2.6184472544365362E-002
   2.6344467007684648E-002
   2.6480997948695819E-002
   2.6622314612999121E-002
   2.6773994229800598E-002
   2.6933804305284914E-002
   2.7115271734669662E-002
   2.7309067218508978E-002
   2.7517319381013646E-002
   2.7765907974273016E-002
   2.8251657502593338E-002
   2.9387736799146063E-002
   2.8676222488050587E-002
   2.8398444430679431E-002
   2.8344842395226447E-002
   2.8389896960163963E-002
   2.8509769822417690E-002
   2.8649047068644688E-002
   2.8805724294216906E-002
   2.8986142466991705E-002
   2.9179719289221352E-002
   2.9370598486262972E-002
   2.9558253537284810E-002
   2.9756545214603820E-002
   2.9948514985135930E-002
   3.0114042410360746E-002
   3.0254801963915865E-002
   3.0375225612477626E-002
   3.0493816026089974E-002
   3.0621094528925374E-002
   3.0761357545738742E-002
   3.0909298696836698E-002
   3.1031119573056178E-002
   3.1091797265091470E-002
   3.1079215117796710E-002
   3.0997885712415726E-002
   3.0892774900982641E-002
   3.0806306562834694E-002
   3.0764353873643440E-002
   3.0773801651952454E-002
   3.0817715725798264E-002
   3.0883882330651785E-002
   3.0969074851624388E-002
   3.1077288896008599E-002
   3.1215544207294294E-002
   3.1371720942799629E-002
   3.1537943129406679E-002
   3.1714794154445468E-002
   3.1901576083690299E-002
   3.2103676643748164E-002
   3.2311762532903271E-002
   3.2523728870089245E-002
   3.2737819936551352E-002
   3.2943172313468133E-002
   3.3142781932206197E-002
   3.3336372527869147E-002
   3.3524062709605361E-002
   3.3713233872775590E-002
   3.3896699037594784E-002
   3.4076018251527306E-002
   3.4254974610736864E-002
   3.4420776284876262E-002
   3.4577688323508854E-002
   3.4738552310858359E-002
   3.4902508743752760E-002
   3.5060380403613339E-002
   3.5218188500458693E-002
   3.5416794310558164E-002
   3.5875486308735806E-002
   3.7455518664060591E-002
   3.6972645811834244E-002
   3.6256940593970076E-002
   3.6235067800477840E-002
   3.6841158028725167E-002
   3.5784598630811591E-002
   3.5011354680260925E-002
   3.4467287831357697E-002
   3.4010624514110258E-002
   3.3600885623659170E-002
   3.3217316402780257E-002
   3.2848827925099154E-002
   3.2499489222247969E-002
   3.2178929495993318E-002
   3.1942415860465576E-002
   3.2106121811879260E-002
   3.1853121934893085E-002
   3.1170723200020393E-002
   3.0747801415244663E-002
   3.0398758320615508E-002
   3.0093029074441561E-002
   2.9822189347281834E-002
   2.9592143229493866E-002
   2.9410467684074876E-002
   2.9245620059035863E-002
   2.9024436470438283E-002
   2.8937520037685602E-002
   2.8879702427783756E-002
   2.8847004730835867E-002
   2.8840319032429784E-002
   2.8849696966355410E-002
   2.8879018413135567E-002
   2.8939135347379685E-002
   2.9033586408341992E-002
   2.9180517980517521E-002
   2.9440193910207090E-002
   2.9567980851086067E-002
   2.9180135217153479E-002
   2.9353425322137874E-002
   2.9553547451501197E-002
   2.9763426494920441E-002
   2.9973910776073493E-002
   3.0170724914766849E-002
   3.0361672670597507E-002
   3.0546671223724842E-002
   3.0730761269742751E-002
   3.0932464892425654E-002
   3.1142418942368244E-002
   3.1357731037520466E-002
   3.1579061624758056E-002
   3.1810369831095718E-002
   3.2049034998490475E-002
   3.2287861733419750E-002
   3.2518245384170537E-002
   3.2750732290385165E-002
   3.2989741942316839E-002
   3.3230184912510105E-002
   3.3478315553623510E-002
   3.3738739871008186E-002
   3.4027082314514991E-002
   3.4347057144131776E-002
   3.4669942430681430E-002
   3.4956933269470060E-002
   3.5257526755605499E-002
   3.5532588597029298E-002
   3.5802578856172627E-002
   3.6089731073883594E-002
   3.6392576237904650E-002
   3.6695258365730697E-002
   3.7000232354782406E-002
   3.7305420986395818E-002
   3.7610836374815354E-002
   3.7914661909677544E-002
   3.8216805451447129E-002
   3.8520063494768345E-002
   3.8824001728786049E-002
   3.9126856284503894E-002
   3.9434131441916299E-002
   3.9740260740700431E-002
   4.0026430172898093E-002
   4.0286898885018484E-002
   4.0517363569473240E-002
   4.0706326432833964E-002
   4.0861229671541960E-002
   4.1005470675685010E-002
   4.1148230352517468E-002
   4.1294156031430516E-002
   4.1452528028768587E-002
   4.1632035861467381E-002
   4.1848123575667105E-002
   4.2175365966729245E-002
   4.2949340912186204E-002
   4.4070102006360225E-002
   4.3507692856904034E-002
   4.3424235751471786E-002
   4.3043681943111756E-002
   4.2726069005921109E-002
   4.2594018609997966E-002
   4.2533689168225870E-002
   4.2514935083707482E-002
   4.2515218842083612E-002
   4.2540307191593317E-002
   4.2605578970852410E-002
   4.2709592376552093E-002
   4.2841717427419712E-002
   4.2989572189653977E-002
   4.3148013643353036E-002
   4.3332977673826475E-002
   4.3583679005176651E-002
   4.4053628266860011E-002
   4.4959852284234277E-002
   4.4721937153152008E-002
   4.4539769207420615E-002
   4.4522191413669449E-002
   4.4557452644177355E-002
   4.4631035831442484E-002
   4.4695685496960423E-002
   4.4444319429931760E-002
   4.4434575449572633E-002
   4.4483792277357909E-002
   4.4541521484735835E-002
   4.4577407144046954E-002
   4.4572609730895295E-002
   4.4555606395997413E-002
   4.4520927940479835E-002
   4.4473276518531772E-002
   4.4418211793151377E-002
   4.4348077684080722E-002
   4.4264062339283261E-002
   4.4171939426977315E-002
   4.4070419261119008E-002
   4.3959660389841095E-002
   4.3786216076922867E-002
   4.3680972786809727E-002
   4.3589386124104387E-002
   4.3171365388389990E-002
   4.3044514685454942E-002
   4.2935653561550068E-002
   4.2832464475803758E-002
   4.2732624626034867E-002
   4.2635247296806879E-002
   4.2543866300131364E-002
   4.2467469795365996E-002
   4.2411413533682898E-002
   4.2375262549560033E-002
   4.2351981881406847E-002
   4.2332592574639435E-002
   4.2303185711265651E-002
   4.2268372057073338E-002
   4.2242519465903065E-002
   4.2222877178461168E-002
   4.2206003318392082E-002
   4.2121604350289187E-002
   4.2082154048153339E-002
   4.2063895988963637E-002
   4.2057471162208933E-002
   4.2052381384842075E-002
   4.2056324623530497E-002
   4.2070348328403138E-002
   4.2088779430839308E-002
   4.2103463484118538E-002
   4.2110854479186499E-002
   4.2127888821318758E-002
   4.2159763297741980E-002
   4.2199931458179997E-002
   4.2235173437708273E-002
   4.2256485317443901E-002
   4.2269776026776625E-002
   4.2275538700011613E-002
   4.2288636454315881E-002
   4.2305704487463437E-002
   4.2301335789979987E-002
   4.2283932606590503E-002
   4.2278543000268155E-002
   4.2286446366025798E-002
   4.2297023622576188E-002
   4.2315346031694144E-002
   4.2341412593726660E-002
   4.2400785174564325E-002
   4.2628201024096840E-002
   4.2672655844474140E-002
   4.2618741972870751E-002
   4.2620294939231328E-002
   4.2649445273780208E-002
   4.2711673608755198E-002
   4.2799805874499088E-002
   4.2911082215001832E-002
   4.3034503800959897E-002
   4.3162707493724660E-002
   4.3303660982712752E-002
   4.3492747703534736E-002
   4.3789033701435776E-002
   4.4332151453992587E-002
   4.4448794489720958E-002
   4.4479746199415041E-002
   4.4671486421815128E-002
   4.4925081105127405E-002
   4.5207946895776396E-002
   4.5491263753041175E-002
   4.5785659365731216E-002
   4.6112342966817405E-002
   4.6138564563525733E-002
   4.6419034059716743E-002
   4.6733389447015737E-002
   4.7022772817086340E-002
   4.7320020838791797E-002
   4.7611475023596923E-002
   4.7892097162939434E-002
   4.8175726412942578E-002
   4.8488116362370867E-002
   4.8901023760642919E-002
   4.9798847647556786E-002
   5.2203867801704794E-002
   5.1285062419600749E-002
   4.9882775802428163E-002
   4.9359815552623670E-002
   4.9116848926787783E-002
   4.9004782773612941E-002
   4.8953163822431867E-002
   4.8935359277596222E-002
   4.8952092736068466E-002
   4.9011610482924753E-002
   4.9119280034927722E-002
   4.9190015698644216E-002
   4.9280384096003077E-002
   4.9383756229350033E-002
   4.9314102480092450E-002
   4.9429687764902690E-002
   4.9559003427046264E-002
   4.9694616545495417E-002
   4.9839090778025667E-002
   4.9989819131901397E-002
   5.0159010222923017E-002
   5.0327608849754436E-002
   5.0472241233804289E-002
   5.0598250866477366E-002
   5.0709011971455421E-002
   5.0776040566632229E-002
   5.0779274675607319E-002
   5.0853383827044692E-002
   5.0930659658877157E-002
   5.1000942598974461E-002
   5.1063183029403179E-002
   5.1122949197115027E-002
   5.1198802794900702E-002
   5.1296016250665911E-002
   5.1402461315469390E-002
   5.1502645592016179E-002
   5.1562747347640582E-002
   5.1571503227477396E-002
   5.1559055442886616E-002
   5.1559319215469940E-002
   5.1584972152535727E-002
   5.1628561967420633E-002
   5.1689926608926150E-002
   5.1766518020663864E-002
   5.1853835969976302E-002
   5.1953341548040689E-002
   5.2056019571726231E-002
   5.2143329101454153E-002
   5.2206489682205627E-002
   5.2269048527437530E-002
   5.2360945727730118E-002
   5.2482728618118958E-002
   5.2621389801001325E-002
   5.2757998696876078E-002
   5.2879490950428883E-002
   5.2988472922279081E-002
   5.3096996149604156E-002
   5.3233261038892470E-002
   5.3436024218174144E-002
   5.3899824842065694E-002
   5.5860481224318963E-002
   5.7104506037475723E-002
   5.4625221970053331E-002
   5.3519626745775838E-002
   5.2892570052243258E-002
   5.2272959325347111E-002
   5.1677856526064027E-002
   5.1094454761933937E-002
   5.0526435083086629E-002
   4.9979189794955130E-002
   4.9446023483882308E-002
   4.8969789632265490E-002
   4.8549795851852109E-002
   4.8178449585050444E-002
   4.7858433380821540E-002
   4.7579882139413651E-002
   4.7532400987701812E-002
   4.8974038824539587E-002
   5.0781564182608888E-002
   4.7327046222990166E-002
   4.5286744711447030E-002
   4.3973955994938349E-002
   4.2957056258671251E-002
   4.2113813339199037E-002
   4.1394539463734066E-002
   4.0783405282211992E-002
   4.0310950504809567E-002
   4.0053305430725279E-002
   3.8934487799528517E-002
   3.7580163899650347E-002
   3.7478698038910498E-002
   3.7477756916913969E-002
   3.7513197041883356E-002
   3.7585300326783526E-002
   3.7706878584305076E-002
   3.7884425696395871E-002
   3.8151570738586549E-002
   3.8725956369809120E-002
   4.0607229138632489E-002
   4.1944586764679860E-002
   3.9513862772921911E-002
   3.8392151350493176E-002
   3.7819538615220277E-002
   3.7454393783698595E-002
   3.7204803097700911E-002
   3.7030757038159334E-002
   3.6885928527532127E-002
   3.6780547210060882E-002
   3.6718798671955863E-002
   3.6702597772215538E-002
   3.6721596452630179E-002
   3.6757824121597345E-002
   3.6826456530672617E-002
   3.6919284160293130E-002
   3.7051900802692356E-002
   3.7228081584643677E-002
   3.7435775503376990E-002
   3.7679421956092710E-002
   3.7985570061327759E-002
   3.8182209592064066E-002
   3.7866868838296382E-002
   3.8259030265164133E-002
   3.8700568475951318E-002
   3.9174539800535195E-002
   3.9666827390070637E-002
   4.0158022479942317E-002
   4.0622865739518323E-002
   4.1029790708434613E-002
   4.1369930175879366E-002
   4.1670435929440870E-002
   4.1969283635360864E-002
   4.2279731936001784E-002
   4.2587742783992071E-002
   4.2888045907305813E-002
   4.3197677706150420E-002
   4.3520487943872595E-002
   4.3849252566987289E-002
   4.4174646360006474E-002
   4.4472456078822241E-002
   4.4741296838611014E-002
   4.5007750001850602E-002
   4.5281222296620509E-002
   4.5560186090460482E-002
   4.5836350681451372E-002
   4.6075756429221008E-002
   4.6256160043217684E-002
   4.6378561614963759E-002
   4.6428408447908964E-002
   4.6416765114087016E-002
   4.6357745773351118E-002
   4.6264631106139126E-002
   4.6165521565855801E-002
   4.6068820388086074E-002
   4.5971705340330744E-002
   4.5886955412029223E-002
   4.5828069448627919E-002
   4.5803624013179056E-002
   4.5851297238237415E-002
   4.5971184543906654E-002
   4.6492462278668566E-002
   4.8667306131934866E-002
   4.9518198233230913E-002
   4.7169249800777822E-002
   4.6069923830339136E-002
   4.5404916756890845E-002
   4.4913654938746231E-002
   4.4504599582777353E-002
   4.4141053579355279E-002
   4.3832072729203850E-002
   4.3571120885374216E-002
   4.3346718279230513E-002
   4.3148045279407660E-002
   4.2974078833443841E-002
   4.2846617590268310E-002
   4.2891506210109696E-002
   4.3625864038570571E-002
   4.5532472831231061E-002
   4.4430643072984631E-002
   4.2774698897383924E-002
   4.1879521436257144E-002
   4.1214565959349587E-002
   4.0665061595647797E-002
   4.0221705904930509E-002
   3.9916323317088838E-002
   3.9261765915621326E-002
   3.9021300927533371E-002
   3.8250560843688011E-002
   3.7241367909921004E-002
   3.6572398404254865E-002
   3.6004431380333185E-002
   3.5505283439966319E-002
   3.5089902995211295E-002
   3.4781053724709500E-002
   3.3499835790006205E-002
   3.2756937848298327E-002
   3.2383154477564943E-002
   3.2007738539001150E-002
   3.1652194822461142E-002
   3.1430790908944156E-002
   3.0709933290210288E-002
   2.8940533681159206E-002
   2.8479669882597348E-002
   2.8376253267167549E-002
   2.8286771236385757E-002
   2.8198743310473486E-002
   2.8101349633151224E-002
   2.7999350146771095E-002
   2.7902573052185280E-002
   2.7814859838930176E-002
   2.7745754169350673E-002
   2.7698418113164543E-002
   2.7674286012417015E-002
   2.7675292731361843E-002
   2.7694130976219443E-002
   2.7742170310640864E-002
   2.7834096990700823E-002
   2.7991973343620628E-002
   2.7688505356020094E-002
   2.7742343718852557E-002
   2.7867057259702652E-002
   2.7942101594914750E-002
   2.7966233009318706E-002
   2.7969718944319297E-002
   2.7977804399198707E-002
   2.8003760027118112E-002
   2.8056532501777115E-002
   2.8136370466359601E-002
   2.8244696692034246E-002
   2.8382109174178678E-002
   2.8523684870514349E-002
   2.8634281298855369E-002
   2.8687188461460577E-002
   2.8700627854476791E-002
   2.8717149252171208E-002
   2.8761815118481020E-002
   2.8826455635760938E-002
   2.8889112418420695E-002
   2.8931923721201194E-002
   2.8946051064541841E-002
   2.8958322175059181E-002
   2.9009654998324984E-002
   2.9114098180861147E-002
   2.9261105205947407E-002
   2.9452163834112106E-002
   2.9701479700256037E-002
   3.0102686340822381E-002
   3.1082689366356921E-002
   3.2592256305069199E-002
   3.1755091778931835E-002
   3.1207526338230349E-002
   3.1057037250128660E-002
   3.1039437340289106E-002
   3.1089234434247201E-002
   3.1203994832621880E-002
   3.1357819372097188E-002
   3.1528083728247266E-002
   3.1714236255970960E-002
   3.1952004598849851E-002
   3.2427876909370594E-002
   3.3380430338947477E-002
   3.3102742979208913E-002
   3.2927030412075779E-002
   3.2951075150932908E-002
   3.3033004654612515E-002
   3.3174707871531303E-002
   3.3359387788590572E-002
   3.3388975548306936E-002
   3.3185793923880859E-002
   3.3358265807136724E-002
   3.3539877603297706E-002
   3.3733871505977078E-002
   3.3976363089478462E-002
   3.4411969209455974E-002
   3.5514424414920538E-002
   3.4947638563932876E-002
   3.4525017203223339E-002
   3.4304440375237596E-002
   3.4129251717682441E-002
   3.3961068362613131E-002
   3.3790925614408863E-002
   3.3601160221487944E-002
   3.3380970043054653E-002
   3.3138354541826946E-002
   3.2893416280449131E-002
   3.2632208451400843E-002
   3.2347653692316847E-002
   3.2056950951907942E-002
   3.1786170983299715E-002
   3.1554539458202524E-002
   3.1370648859431603E-002
   3.1306556090768337E-002
   3.1302654885938377E-002
   3.0145615326457636E-002
