   4.1757279465416790E-002
   3.4572316812602658E-002
   3.1771901441669470E-002
   3.0381608671233268E-002
   3.0267190956777098E-002
   2.9816349760513151E-002
   2.9049414175146560E-002
   3.1216183972317662E-002
   3.6563963557201977E-002
   4.1553723876807294E-002
   4.6510846767341379E-002
   5.2443626202617326E-002
   5.8248732989830319E-002
   6.2918230015239926E-002
   6.7933096472725732E-002
   7.3264235769349720E-002
   7.8917155304403741E-002
   8.5515796016363457E-002
   9.2228666015462327E-002
   9.9320556508474156E-002
  0.10657942460044605     
  0.11097391730516619     
  0.11415049692418000     
  0.11694500266011958     
  0.11669744319400345     
  0.11458728552550523     
  0.11220608745069281     
  0.10945830101782961     
  0.10634255002151924     
  0.10290345745458834     
   9.9131442324177796E-002
   9.4935311074226300E-002
   9.0216621820523549E-002
   8.4843145445811577E-002
   7.8682500374534975E-002
   7.1542274682195789E-002
   6.3066646578037372E-002
   5.1985708748840988E-002
   3.6899428509697546E-002
   2.8122356862842021E-002
   2.3372206077682957E-002
   2.0141055787556233E-002
   1.8268356916476290E-002
   1.7261824072335723E-002
   1.6657219171711146E-002
   1.6149000665874904E-002
   1.5903614351396284E-002
   1.6037139660281748E-002
   1.6272708393704909E-002
   1.6607694137554804E-002
   1.6999245120699349E-002
   1.7448874718449518E-002
   1.7819351414612959E-002
   1.8113436880944484E-002
   1.8362413616292816E-002
   1.8480405760482075E-002
   1.8502876587346170E-002
   1.8538556763033738E-002
   1.8593767135877966E-002
   1.8579996018677609E-002
   1.8426671918374007E-002
   1.8028176375469756E-002
   1.7687650852137103E-002
   1.7411014319857785E-002
   1.7162985781551815E-002
   1.7019748017144773E-002
   1.6832135867881560E-002
   1.6718057505511957E-002
   1.6734828988720803E-002
   1.6741984027141301E-002
   1.6648511148214671E-002
   1.6593456043133156E-002
   1.6581959846485944E-002
   1.6678990098567298E-002
   1.6882541958431765E-002
   1.7155915320198042E-002
   1.7450303273238470E-002
   1.7775577717790925E-002
   1.7999706762857587E-002
   1.8076258877927385E-002
   1.8229310959006657E-002
   1.8478295916917083E-002
   1.8786052447481237E-002
   1.9049722773938280E-002
   1.9158066485048961E-002
   1.9184727644441832E-002
   1.9312645463864960E-002
   1.9573760773670922E-002
   1.9894077962723515E-002
   2.0190181840037000E-002
   2.0328723550114187E-002
   2.0310554482596974E-002
   2.0291713173478356E-002
   2.0436724441621493E-002
   2.0875216976960903E-002
   2.1526551461337501E-002
   2.2180198589279710E-002
   2.2785859226746918E-002
   2.3262307577143974E-002
   2.3571503094322807E-002
   2.3952309012545758E-002
   2.4537897066853255E-002
   2.5283372811158632E-002
   2.6065304506664996E-002
   2.6850779308188404E-002
   2.7580512203090188E-002
   2.8356053843868502E-002
   2.9196443368620713E-002
   3.0066751143498303E-002
   3.0891633309319860E-002
   3.1699859751211791E-002
   3.2587830731938196E-002
   3.3512878572413904E-002
   3.4411039314193426E-002
   3.5303759735673623E-002
   3.6286109508283378E-002
   3.7475609757832047E-002
   3.8893824192528896E-002
   4.0453313017615809E-002
   4.2112008550132626E-002
   4.3877936761745714E-002
   4.5639660624502656E-002
   4.7235012672922086E-002
   4.8582849088094487E-002
   4.9517131557700329E-002
   4.9842359587569697E-002
   4.9431396402995931E-002
   4.8226520295078658E-002
   4.6289119524869499E-002
   4.3736996560330636E-002
   4.0716264351541555E-002
   3.7468488231669594E-002
   3.4387233049909850E-002
   3.1530800219252954E-002
   2.9523917784747691E-002
   2.7164137568251492E-002
   2.6202613636814014E-002
   2.5974905996951705E-002
   2.6131149431936347E-002
   2.6473969063727648E-002
   2.6901780909246931E-002
   2.7362140931238236E-002
   2.7826941814041970E-002
   2.8318845353950121E-002
   2.8748047121473150E-002
   2.8765647113996883E-002
   2.9219496451354427E-002
   2.9593207047277661E-002
   2.9797814792327681E-002
   2.9870907168049712E-002
   3.0016865814665346E-002
   3.0275002919157742E-002
   3.0545092812135702E-002
   3.0706327234746342E-002
   3.0711553454221975E-002
   3.0626442959559283E-002
   3.0454135113907401E-002
   3.0326261157956790E-002
   3.0383618818764800E-002
   3.0475375671202787E-002
   3.0484493769171245E-002
   3.0504045252622659E-002
   3.0573191342726715E-002
   3.0585425946909512E-002
   3.0517963504146556E-002
   3.0536703247896289E-002
   3.0642927793337396E-002
   3.0860353108538314E-002
   3.1149688055735546E-002
   3.1342493450482116E-002
   3.1237806057950779E-002
   3.0820444577195127E-002
   3.0479540816107979E-002
   3.0298843164717589E-002
   3.0247744670694066E-002
   3.0150888854486361E-002
   3.0103880675286954E-002
   2.9997962667356839E-002
   2.9851518906224391E-002
   2.9703200335330034E-002
   2.9608372899992883E-002
   2.9689819635470922E-002
   2.9859214353539429E-002
   3.0114633797228375E-002
   3.0314799712443538E-002
   3.0297358256330665E-002
   3.0086681564053454E-002
   2.9253871942214012E-002
   2.9176598121168001E-002
   2.9145210746487158E-002
   2.9098625709238334E-002
   2.9046755929575445E-002
   2.8931678636114091E-002
   2.8760882582449347E-002
   2.8570408192163190E-002
   2.8409085224490455E-002
   2.8300779352033876E-002
   2.8318802792393509E-002
   2.8388446920554172E-002
   2.8558008299027021E-002
   2.9016223563487861E-002
   2.8569455273986695E-002
   2.8442743046656560E-002
   2.8474471393907845E-002
   2.8557759928443546E-002
   2.8640304488434069E-002
   2.8738615204588196E-002
   2.8774342636850716E-002
   2.8743099039363545E-002
   2.8750616184803686E-002
   2.8787453126338878E-002
   2.8868700626550479E-002
   2.9011588494371767E-002
   2.9204232105891865E-002
   2.9445138213036605E-002
   2.9724725148128805E-002
   3.0021269880043184E-002
   3.0327635969370017E-002
   3.0619021020060679E-002
   3.0871225666084752E-002
   3.1101604437265128E-002
   3.1342506941569814E-002
   3.1584595421137451E-002
   3.1812824433550817E-002
   3.2053215060290491E-002
   3.2324842116807202E-002
   3.2608833728287386E-002
   3.2893635143352688E-002
   3.3161187348657854E-002
   3.3413914765734014E-002
   3.3666552316318835E-002
   3.3928079725119901E-002
   3.4203409734755594E-002
   3.4496600365771700E-002
   3.4832999023180072E-002
   3.5239631913775264E-002
   3.5706826199313244E-002
   3.6220527672113874E-002
   3.6774401467038267E-002
   3.7370127089322185E-002
   3.8025076325488523E-002
   3.8838660374554440E-002
   3.9296764316440767E-002
   3.9768546704500453E-002
   4.0275904846002970E-002
   4.0761655907296475E-002
   4.1208296986571684E-002
   4.1617097809770381E-002
   4.1999807131664929E-002
   4.2380606104926277E-002
   4.2777977191078571E-002
   4.3203724292202948E-002
   4.3633487007787942E-002
   4.4014386172142261E-002
   4.4291491677840911E-002
   4.4437151420120578E-002
   4.4450529207658733E-002
   4.4350218405213540E-002
   4.4180352206584055E-002
   4.3995868634228934E-002
   4.3819088547376310E-002
   4.3604417785575438E-002
   4.3313093256943616E-002
   4.2938343022364878E-002
   4.2494040236795823E-002
   4.2035175195775015E-002
   4.1633660028470333E-002
   4.1176101232181433E-002
   4.0980350421884741E-002
   4.0855588077721196E-002
   4.0784940595359614E-002
   4.0785341853717613E-002
   4.0852988718192262E-002
   4.0941193727116000E-002
   4.1004482155367707E-002
   4.1051309264453668E-002
   4.1159201054746720E-002
   4.1368254655649264E-002
   4.1668368231035910E-002
   4.2018251660610163E-002
   4.2411914077402864E-002
   4.2786300631107242E-002
   4.3262806949745769E-002
   4.3734891807926238E-002
   4.4245028485412452E-002
   4.4863013044975551E-002
   4.5663050799445576E-002
   4.6809319396768197E-002
   4.7452258373743172E-002
   4.8095715762309699E-002
   4.8701878504302354E-002
   4.9215315221925904E-002
   4.9639546416792982E-002
   5.0058491706739677E-002
   5.0517965557777281E-002
   5.1038641038037680E-002
   5.1797339304107549E-002
   5.3479648761754220E-002
   5.5606353204371420E-002
   5.4956729025633824E-002
   5.2466312940567271E-002
   5.1145479307493059E-002
   5.0481268942889582E-002
   5.0083706930181646E-002
   4.9861494530910135E-002
   4.9570650917959258E-002
   4.9520001075824154E-002
   4.9501325834216660E-002
   4.9490042616542523E-002
   4.9464535583037157E-002
   4.9439748809429758E-002
   4.9403864395351695E-002
   4.9356448600108224E-002
   4.9352670273149518E-002
   4.9399191258839535E-002
   4.9448231204262567E-002
   4.9489544725772910E-002
   4.9551814326159190E-002
   4.9621931215341329E-002
   4.9697430113978820E-002
   4.9815220100862923E-002
   4.9949551909540688E-002
   5.0057080983209698E-002
   5.0190272760274809E-002
   5.0372941328477271E-002
   5.0575139285589356E-002
   5.0786483506732559E-002
   5.0980118732595447E-002
   5.1162547815234848E-002
   5.1364267351277741E-002
   5.1594485548892018E-002
   5.1849086342842500E-002
   5.2115183265542236E-002
   5.2384806788081571E-002
   5.2637330471010164E-002
   5.2838643496689409E-002
   5.2990944406308055E-002
   5.3086526494091693E-002
   5.3160903818774696E-002
   5.3257454361036412E-002
   5.3371289059128690E-002
   5.3483102469549085E-002
   5.3600691917236050E-002
   5.3695312135016299E-002
   5.3743841682563263E-002
   5.3777914855817420E-002
   5.3799042247789454E-002
   5.3771485441357895E-002
   5.3674085733887149E-002
   5.3515863467058340E-002
   5.3330654455696444E-002
   5.3132209878030350E-002
   5.2938723084971807E-002
   5.2753318214815180E-002
   5.2588891430889836E-002
   5.2431342645157787E-002
   5.2254723858045839E-002
   5.2032024957915347E-002
   5.1748367203974625E-002
   5.1397093872114150E-002
   5.0994610622260850E-002
   5.0570089713800698E-002
   5.0166643577098734E-002
   4.9792293644430621E-002
   4.9450530049677623E-002
   4.9147610967254445E-002
   4.8873295446263634E-002
   4.8621249601443421E-002
   4.8426748320984626E-002
   4.8284664777812680E-002
   4.8166578662892187E-002
   4.8131713928004548E-002
   4.8141904884873223E-002
   4.8204578473610003E-002
   4.8316512465561789E-002
   4.8461032620056681E-002
   4.8628210113392412E-002
   4.8814528327501036E-002
   4.9019399407264568E-002
   4.9242267561657511E-002
   4.9463193484697465E-002
   4.9692830593870758E-002
   4.9955741485863313E-002
   5.0285404571934783E-002
   5.0706345246163062E-002
   5.1309565876088925E-002
   5.2508988493999993E-002
   5.5194170339688424E-002
   5.7014132908782322E-002
   5.6293380971048620E-002
   5.4350812586632817E-002
   5.3274847556213006E-002
   5.2801619647910830E-002
   5.2604900638746170E-002
   5.2579519777971373E-002
   5.2713074649386703E-002
   5.2847208143924830E-002
   5.3126559593002581E-002
   5.3432020021539926E-002
   5.3766646774919734E-002
   5.4150817887009435E-002
   5.4566938052247577E-002
   5.4997328676661107E-002
   5.5446912055742974E-002
   5.5909283449957631E-002
   5.6355456796376588E-002
   5.6763847095371231E-002
   5.7137032499183851E-002
   5.7505447306030098E-002
   5.7881267187662608E-002
   5.8268241030612129E-002
   5.8672687353158892E-002
   5.9156298137922912E-002
   5.9656579214592421E-002
   5.9711759551176948E-002
   5.9953659032521832E-002
   6.0219136535936003E-002
   6.0484176808961593E-002
   6.0751636198942485E-002
   6.1044358635730697E-002
   6.1353865349356725E-002
   6.1673329039314509E-002
   6.2002646825444631E-002
   6.2341617693286139E-002
   6.2682678255433485E-002
   6.3008563440608789E-002
   6.3302505357740915E-002
   6.3572712926055860E-002
   6.3840192337989377E-002
   6.4119546580260478E-002
   6.4430722589518430E-002
   6.4796909773140801E-002
   6.5214287096162379E-002
   6.5643334562705977E-002
   6.6072573370814264E-002
   6.6509834084566941E-002
   6.6971198814458843E-002
   6.7464976284158068E-002
   6.7975167207663834E-002
   6.8475945668900667E-002
   6.8921774024892260E-002
   6.9282558108051201E-002
   6.9583279714640386E-002
   6.9856863289634377E-002
   7.0136850984182722E-002
   7.0286883735201006E-002
   7.0543578143793473E-002
   7.0843943017802544E-002
   7.1162015834574446E-002
   7.1493866728402161E-002
   7.1833926343550028E-002
   7.2170278055689027E-002
   7.2486063682465157E-002
   7.2779075785783881E-002
   7.3048975345392106E-002
   7.3298037058329185E-002
   7.3531745641566976E-002
   7.3745175675221222E-002
   7.3936324353419361E-002
   7.4110363627654066E-002
   7.4263798751713364E-002
   7.4405524776376825E-002
   7.4524464678975111E-002
   7.4613492800798473E-002
   7.4710420305598976E-002
   7.4887265547193313E-002
   7.5028645830514523E-002
   7.5612289101439939E-002
   7.7404395299330811E-002
   7.9159584987145371E-002
   7.9225438719239330E-002
   7.8059008074191541E-002
   7.5841249681840112E-002
   7.3628839604162083E-002
   7.2133323504004560E-002
   7.0928680478161019E-002
   6.9880679522338895E-002
   6.8941730599064222E-002
   6.8073252059139999E-002
   6.7268502021924706E-002
   6.6507008749351781E-002
   6.5781543072693585E-002
   6.5091475224296591E-002
   6.4419108836693925E-002
   6.3785325034366264E-002
   6.3283462448680605E-002
   6.3317782383246840E-002
   6.2638635218241118E-002
   6.1823140100877742E-002
   6.1176291825947145E-002
   6.0598867495563695E-002
   6.0076674285370751E-002
   5.9635551885941059E-002
   5.9413834210528149E-002
   5.9874120463845222E-002
   6.0853920864737378E-002
   5.9615363209733596E-002
   5.8379783863666677E-002
   5.6599236025795696E-002
   5.6308378202228927E-002
   5.6406906947616180E-002
   5.6659567485478381E-002
   5.6957844919637422E-002
   5.7307754324374412E-002
   5.7657826124404642E-002
   5.7984901972973638E-002
   5.8304315045626068E-002
   5.8657249303536954E-002
   5.9029848594529970E-002
   5.9447162436097177E-002
   5.9900743530819360E-002
   6.0422357017608251E-002
   6.0949222635004331E-002
   6.1471490161773848E-002
   6.1978893850325498E-002
   6.2464237718749108E-002
   6.2897253616230692E-002
   6.3286689431152482E-002
   6.3706811712856720E-002
   6.4212120526940725E-002
   6.4776494194418083E-002
   6.5386040296340556E-002
   6.6015685137053304E-002
   6.6597023877423403E-002
   6.7020720692902602E-002
   6.7230948494132983E-002
   6.7285932751153549E-002
   6.7257101605702294E-002
   6.6766212813222980E-002
   6.6482484486069665E-002
   6.6421139338754334E-002
   6.6420858882004941E-002
   6.6464532795172962E-002
   6.6534868159247210E-002
   6.6610727674464673E-002
   6.6673825942241804E-002
   6.6722830993875035E-002
   6.6767121789239242E-002
   6.6833004508538102E-002
   6.6931622141871372E-002
   6.7039554938343612E-002
   6.7136745470656553E-002
   6.7212750317387090E-002
   6.7261695044416897E-002
   6.7307613488499785E-002
   6.7402636626692103E-002
   6.7573717539157155E-002
   6.7818274589637212E-002
   6.8126855086016486E-002
   6.8500024592715036E-002
   6.8938042436115399E-002
   6.9412050464701086E-002
   6.9894318774961245E-002
   7.0417849331316631E-002
   7.1175991943878747E-002
   7.1778352489975633E-002
   7.2835512768916810E-002
   7.5519742488839595E-002
   7.6763170946074946E-002
   7.6086514969259861E-002
   7.3986336789296669E-002
   7.2073839429312656E-002
   7.1097138138275423E-002
   7.0508842556437981E-002
   7.0141326927471756E-002
   6.9981679545541076E-002
   6.9924183259834988E-002
   6.9954866217887560E-002
   7.0065716702833875E-002
   7.0245083400833006E-002
   7.0460166460114257E-002
   7.0711915047709004E-002
   7.0990344269717356E-002
   7.1275530884613567E-002
   7.1546486681026616E-002
   7.1830980742422917E-002
   7.2154488948191445E-002
   7.2485636221201091E-002
   7.2793476281261371E-002
   7.3077105192916825E-002
   7.3340756951181044E-002
   7.3574605564210499E-002
   7.3773063360732111E-002
   7.3957835894844018E-002
   7.4160648910282997E-002
   7.4427928947216102E-002
   7.5000659104039760E-002
   7.7030586269830864E-002
   7.8901101909199786E-002
   7.6439019699474059E-002
   7.4690285232731704E-002
   7.3587766173309227E-002
   7.2699233292933568E-002
   7.2061554675775977E-002
   7.1497410630856462E-002
   7.0987726978825105E-002
   7.0533912562400117E-002
   7.0152403989443224E-002
   6.9843140493126565E-002
   6.8996063487739595E-002
   6.8261745881676925E-002
   6.7927343947844068E-002
   6.7612457204580326E-002
   6.7307979465647372E-002
   6.7016445830916857E-002
   6.6741280009788129E-002
   6.6489771397633762E-002
   6.6267089231484611E-002
   6.6071674031972949E-002
   6.5912912631271636E-002
   6.5804259001986526E-002
   6.5769183421843125E-002
   6.5817172781003533E-002
   6.5217736042703991E-002
   6.4417601169181660E-002
   6.3880542322177672E-002
   6.3920942455669164E-002
   6.4094998502489176E-002
   6.4236702178972330E-002
   6.4328481539922239E-002
   6.4388162054756434E-002
   6.4437051668425283E-002
   6.4476232339464798E-002
   6.4501555424989088E-002
   6.4527255212323942E-002
   6.4549698802808739E-002
   6.4574703136160719E-002
   6.4604899120102838E-002
   6.4629459479624937E-002
   6.4652438121957506E-002
   6.4673509437941840E-002
   6.4688995243505396E-002
   6.4693726967511772E-002
   6.4674922761488784E-002
   6.4639090466647772E-002
   6.4611903440988327E-002
   6.4598699722333633E-002
   6.4589444326893716E-002
   6.4578331903376099E-002
   6.4579984204984814E-002
   6.4604452415857674E-002
   6.4687941041779703E-002
   6.5014716359421826E-002
   6.5210053918824229E-002
   6.4882087479580061E-002
   6.4809335540106983E-002
   6.4848969225074229E-002
   6.5087697588299617E-002
   6.6053859534117534E-002
   6.8267227701896763E-002
   6.8648060358677460E-002
   6.6763882107829908E-002
   6.4522589758452403E-002
   6.3253881657597585E-002
   6.2373320038816842E-002
   6.1703690349613351E-002
   6.1176665947576377E-002
   6.0732443647488824E-002
   6.0349718006662979E-002
   6.0003544962695998E-002
   5.9695685594875640E-002
   5.9446842409892404E-002
   5.9266963712868125E-002
   5.9122950514120164E-002
   5.9003899766674570E-002
   5.8896628327293331E-002
   5.8831927255880170E-002
   5.8806863952454727E-002
   5.8812468464313712E-002
   5.8841922534594457E-002
   5.8897827110659044E-002
   5.8972929243193764E-002
   5.9062359460877047E-002
   5.9200643624408189E-002
   5.9410332314860280E-002
   5.9749290069018267E-002
   6.0423126869960597E-002
   6.1229121192560361E-002
   6.1386954955018003E-002
   6.1666552402327782E-002
   6.1675428578019963E-002
   6.1895211368583551E-002
   6.2182902571526061E-002
   6.2526620673376110E-002
   6.2946358961528170E-002
   6.3429318086419301E-002
   6.3940969129325911E-002
   6.3916010750252217E-002
   6.3626902509982181E-002
   6.3989533982030458E-002
   6.4492398163943879E-002
   6.4993138881133658E-002
   6.5506007800541194E-002
   6.5998986800872517E-002
   6.6468689590242880E-002
   6.6919066442543917E-002
   6.7371745673998298E-002
   6.7827861960767427E-002
   6.8286365588922301E-002
   6.8754831392620688E-002
   6.9220911619974998E-002
   6.9653478777368230E-002
   7.0044272777238251E-002
   7.0422829055912226E-002
   7.0841563930048701E-002
   7.0662253183911436E-002
   7.0309169052000270E-002
   7.0348569584731152E-002
   7.0468444200119967E-002
   7.0510281278599415E-002
   7.0532129395383697E-002
   7.0583883271409728E-002
   7.0689083640788561E-002
   7.0861156687040364E-002
   7.1092055245223745E-002
   7.1353824454985185E-002
   7.1630502230248430E-002
   7.1924195195695317E-002
   7.2228241658355313E-002
   7.2533771269581937E-002
   7.2845006812091315E-002
   7.3162688234056833E-002
   7.3487133437892024E-002
   7.3815300271519280E-002
   7.4134221597500174E-002
   7.4450452615235238E-002
   7.4775009416697277E-002
   7.5095794844099978E-002
   7.5406557431569071E-002
   7.5710552593086483E-002
   7.6005678332824858E-002
   7.6297712110897489E-002
   7.6597881698913475E-002
   7.6929698041184852E-002
   7.7376249555537818E-002
   7.8242579180844180E-002
   8.0394456583254212E-002
   8.2582684649849761E-002
   8.4714336511963764E-002
   8.4804607790022329E-002
   8.0295298392870043E-002
   7.6586000766666884E-002
   7.4333973941921344E-002
   7.2622418207651820E-002
   7.1229900582447783E-002
   7.0052077875542101E-002
   6.9030182497752418E-002
   6.8129832832055759E-002
   6.7318325102410620E-002
   6.6579113108655774E-002
   6.5909382987607845E-002
   6.5303288881512322E-002
   6.4751310801343109E-002
   6.4249838814101026E-002
   6.3798041641649927E-002
   6.3399597641582359E-002
   6.3066344792219051E-002
   6.2818165465866022E-002
   6.2727341195798494E-002
   6.3119165373020578E-002
   6.4464104741022904E-002
   6.3833574295459619E-002
   6.2758273930798261E-002
   6.2344533776726899E-002
   6.2180938792673335E-002
   6.2165074468113736E-002
   6.2293632172514581E-002
   6.2386742265660752E-002
   6.1596681187151857E-002
   6.0948530028301182E-002
   6.1085130060565790E-002
   6.1288054311398846E-002
   6.1475114645619243E-002
   6.1690643236680894E-002
   6.1934320947458509E-002
   6.1672262231535983E-002
   6.1765100859879733E-002
   6.1992286635546984E-002
   6.2235429964798458E-002
   6.2542475718626714E-002
   6.2364787878138268E-002
   6.2397812853390924E-002
   6.2694235399523582E-002
   6.2979095335089996E-002
   6.3222662834844956E-002
   6.3435760480185080E-002
   6.3645346788223311E-002
   6.3875068074988745E-002
   6.4120642068635950E-002
   6.4374970700380479E-002
   6.4631478705358278E-002
   6.4885272293092780E-002
   6.5122515259115013E-002
   6.5317576536360306E-002
   6.5469967098409895E-002
   6.5431285314503346E-002
   6.5265492267707170E-002
   6.5229851687866422E-002
   6.5222517890744527E-002
   6.5228972492805973E-002
   6.5219215097019390E-002
   6.5176722495023723E-002
   6.5118174787896901E-002
   6.5033167598330402E-002
   6.4861617096200863E-002
   6.4634209601313733E-002
   6.4409704996823039E-002
   6.4176022095629628E-002
   6.3920298208526710E-002
   6.3657794546688226E-002
   6.3413176892049936E-002
   6.3221561545372978E-002
   6.3084704465065200E-002
   6.3048222423489855E-002
   6.3099470781213182E-002
   6.3196087800583819E-002
   6.3275456888482171E-002
   6.3275672763010757E-002
   6.3209135338542818E-002
   6.3137590483210632E-002
   6.3103086595621929E-002
   6.3096841340677237E-002
   6.3105481893041937E-002
   6.3172619999752724E-002
   6.3309226399308166E-002
   6.3499660885126957E-002
   6.3774902369804015E-002
   6.4157008229678056E-002
   6.4655162219324644E-002
   6.5363039540428602E-002
   6.6919950927565724E-002
   6.8971761712972771E-002
   6.8145910486912181E-002
   6.7018514356046915E-002
   6.6681950791862024E-002
   6.6631358067547108E-002
   6.6813947637771917E-002
   6.7328909155097413E-002
   6.9066425892416336E-002
   7.0561175644564905E-002
   6.8859842187866352E-002
   6.8102096727210293E-002
   6.7785038158235125E-002
   6.7628652263670069E-002
   6.7551156264482312E-002
   6.7533851848408849E-002
   6.7616913941013379E-002
   6.7876238213187501E-002
   6.8699692590137029E-002
   7.1494718046226952E-002
   7.3365812719464865E-002
   7.1643514020319238E-002
   6.8442425029565476E-002
   6.6492311528582981E-002
   6.5234782081113940E-002
   6.4370906864510871E-002
   6.2646214966601083E-002
   6.0352686467971525E-002
   5.8535676533979411E-002
   5.7775117783210407E-002
   5.7539947491402808E-002
   5.7319750134190141E-002
   5.7116443325983597E-002
   5.6935024662429397E-002
   5.6773687436672750E-002
   5.6627508155418130E-002
   5.6485794081428106E-002
   5.6346891597288631E-002
   5.6235682357166195E-002
   5.6214960467026079E-002
   5.6136632572078973E-002
   5.5465043303101681E-002
   5.5415895279473035E-002
   5.5490147926338863E-002
   5.5545815738425902E-002
   5.5620443870567811E-002
   5.5690905952186405E-002
   5.5733451817142315E-002
   5.5758590974012014E-002
   5.5791329447235610E-002
   5.5874571907087271E-002
   5.5992523241243798E-002
   5.6028637363149433E-002
   5.6252074225836654E-002
   5.6514911827091542E-002
   5.6798329788232987E-002
   5.7095629968823787E-002
   5.7438399582843358E-002
   5.7396966754203770E-002
   5.7111818804281934E-002
   5.7468265967952493E-002
   5.7905237588277092E-002
   5.8368742847917744E-002
   5.8846204481526256E-002
   5.9329270498935605E-002
   5.9792115666152119E-002
   6.0194708955592181E-002
   6.0547395310523063E-002
   6.0896397592702385E-002
   6.1256990108034579E-002
   6.1621793575863178E-002
   6.1982576962218941E-002
   6.2341540621579226E-002
   6.2716159283780298E-002
   6.3085436674700221E-002
   6.3416731221281095E-002
   6.3721397206102315E-002
   6.4028210101774077E-002
   6.4340938590520230E-002
   6.4606970660411850E-002
   6.4778584044975343E-002
   6.4882550239512796E-002
   6.4958951954689870E-002
   6.5009713892117849E-002
   6.5033984643381865E-002
   6.5017028164029836E-002
   6.4964165891464545E-002
   6.4902592303907006E-002
   6.4834385376605894E-002
   6.4767243688346396E-002
   6.4709741328955558E-002
   6.4662478327539949E-002
   6.4616282363825300E-002
   6.4563264656576871E-002
   6.4509457255457439E-002
   6.4469560829606920E-002
   6.4465947950460928E-002
   6.4586366628818823E-002
   6.5236223082622752E-002
   6.7383640811410878E-002
   6.8133739240576419E-002
   6.7457562291613482E-002
   6.5066230942552761E-002
   6.2445990975710040E-002
   6.0818121763046393E-002
   5.9552276292099096E-002
   5.8451699184928665E-002
   5.7526613257879854E-002
   5.6743237136624096E-002
   5.6325503385311171E-002
   5.6735658408391475E-002
   5.5423993758859071E-002
   5.3986261861117997E-002
   5.2874537680358179E-002
   5.1940389215010832E-002
   5.1118027345594487E-002
   5.0416245725274755E-002
   4.9845959998591018E-002
   4.9291739919462049E-002
   4.7581741535526530E-002
   4.6000160010907926E-002
   4.5525990846988100E-002
   4.5328237922017837E-002
   4.5222056320918767E-002
   4.5205424391908389E-002
   4.5294299559701157E-002
   4.5479421829798694E-002
   4.5728987591487892E-002
   4.6061116898678311E-002
   4.6498014464573932E-002
   4.7031108519488038E-002
   4.7659219079175148E-002
   4.8373501369666741E-002
   4.9088969058300867E-002
   4.9873596410081204E-002
   5.0733669265736678E-002
   5.1726113684256940E-002
   5.2280532755452795E-002
   5.2773353040752126E-002
   5.3774972540317732E-002
   5.4767088192369438E-002
   5.5738224932295119E-002
   5.6693483757862609E-002
   5.7613641215538240E-002
   5.8468214712921240E-002
   5.9307295503280018E-002
   6.0136542008250540E-002
   6.0925147204792821E-002
   6.1656708784889283E-002
   6.2335329078098599E-002
   6.2968226087028581E-002
   6.3559133175313254E-002
   6.4101814356835471E-002
   6.4602022811100404E-002
   6.5095142953880983E-002
   6.5595207107260661E-002
   6.6089631453536343E-002
   6.6511226497201759E-002
   6.6795081860791597E-002
   6.6873912122758158E-002
   6.6724413603405655E-002
   6.6373614927927149E-002
   6.5891104004528800E-002
   6.5336414178993191E-002
   6.4762402492534593E-002
   6.4207717907780279E-002
   6.3667567955766585E-002
   6.3125730076523501E-002
   6.2583066513126798E-002
   6.2040604056109575E-002
   6.1512193893093613E-002
   6.1003090004343903E-002
   6.0501998940206213E-002
   5.9998708908173860E-002
   5.9506685376056703E-002
   5.9045868475090475E-002
   5.8632104203251580E-002
   5.8279233623688517E-002
   5.8003072309965029E-002
   5.7798252398428833E-002
   5.7659550377806790E-002
   5.7591753839140183E-002
   5.7587509092788078E-002
   5.7628603445468121E-002
   5.7725739805368818E-002
   5.7917914599316833E-002
   5.8246006006832073E-002
   5.8788567984538041E-002
   5.9930787663371045E-002
   6.2754503415386340E-002
   6.5697439956899362E-002
   6.5255206738018240E-002
   6.2452570447102167E-002
   6.0329454665102096E-002
   5.9184856813728232E-002
   5.8479791092871845E-002
   5.8023299343644516E-002
   5.7813012300246699E-002
   5.7779327638816456E-002
   5.7934470364172506E-002
   5.8438593771848936E-002
   5.9377598715483773E-002
   5.9331577767938189E-002
   5.9635957350526098E-002
   6.0103016411214426E-002
   6.0617025512431991E-002
   6.1155605683293458E-002
   6.1722993812703894E-002
   6.1775449880215071E-002
   6.1787277204585843E-002
   6.2182139269091524E-002
   6.2550420665526477E-002
   6.2879458285119330E-002
   6.3183734115419873E-002
   6.3495901321499390E-002
   6.3828308054039162E-002
   6.4251194539118275E-002
   6.5150950222297832E-002
   6.6532964115290555E-002
   6.5571897964135484E-002
   6.4711179686482587E-002
   6.4213896712513263E-002
   6.3827466461230609E-002
   6.3489587549722920E-002
   6.3175792380005216E-002
   6.2852671074581160E-002
   6.2528237402279793E-002
   6.2205038922461209E-002
   6.1902184111483897E-002
   6.1330590619523909E-002
   6.0794387894282646E-002
   6.0449104717926604E-002
   6.0151428683143160E-002
   5.9290621313393722E-002
   5.8779468766942060E-002
   5.8473055706798276E-002
   5.8163398663447385E-002
   5.7846711318081320E-002
   5.7537697274446652E-002
   5.7265157869516664E-002
   5.7040286352613233E-002
   5.6871164276422387E-002
   5.6764710305700107E-002
   5.6721231346810001E-002
   5.6707268738066342E-002
   5.6672219335688931E-002
   5.6591681791747603E-002
   5.6505508844138394E-002
   5.6489210507660113E-002
   5.6240745739905527E-002
   5.5727862907001963E-002
   5.5760914269399747E-002
   5.5891252101610917E-002
   5.6064535001140302E-002
   5.6260029308442039E-002
   5.6487826672212298E-002
   5.6775982373566666E-002
   5.7138468212993364E-002
   5.7573647486495461E-002
   5.8085671207071629E-002
   5.8667983842794265E-002
   5.9287251130733618E-002
   5.9878941765234332E-002
   6.0401826602099043E-002
   6.0844119774228496E-002
   6.1227235319432867E-002
   6.1605985181012506E-002
   6.2021149160368820E-002
   6.2482081983000669E-002
   6.2996754193301044E-002
   6.3577958655160138E-002
   6.4237670820112711E-002
   6.4984945232972186E-002
   6.5807798937866688E-002
   6.6704383072988926E-002
   6.7749843979153082E-002
   6.9384083937860372E-002
   7.2026402338421336E-002
   7.2823518247689623E-002
   7.2005464597484151E-002
   7.2314868162082394E-002
   7.3408674553868972E-002
   7.2226453482122241E-002
   7.1630329845069660E-002
   7.1420255591370066E-002
   7.1334543437781742E-002
   7.1296432206965105E-002
   7.1271535670545907E-002
   7.1243869310448224E-002
   7.1217732632931283E-002
   7.1202525268749026E-002
   7.1241660379519928E-002
   7.1495548641343679E-002
   7.2689047451503078E-002
   7.5482670130937971E-002
   7.5695764280393887E-002
   7.3118385328276136E-002
   7.0183253706204166E-002
   6.8425950523875401E-002
   6.7251110520063564E-002
   6.5817312702254493E-002
   6.3418258118062079E-002
   6.1271844789226183E-002
   5.9829364136393968E-002
   5.9414103984671736E-002
   5.9185995328236839E-002
   5.9005193720090866E-002
   5.8900570009762843E-002
   5.8888877974279767E-002
   5.9035735945084308E-002
   5.9722635005933722E-002
   5.9751886019469590E-002
   5.9361561983549110E-002
   5.9279049465191580E-002
   5.9302740092892187E-002
   5.9399702632839627E-002
   5.9563119167461452E-002
   5.9795250467579830E-002
   6.0068209777688168E-002
   5.9899007572765860E-002
   6.0113675421485484E-002
   6.0443204821752125E-002
   6.0813965685049987E-002
   6.1219769751234172E-002
   6.1655311135297271E-002
   6.2069882484700259E-002
   6.2572066342925323E-002
   6.3092955239546111E-002
   6.3635703411853914E-002
   6.4207954480270474E-002
   6.4817222764183419E-002
   6.5463101467260296E-002
   6.6155315990864355E-002
   6.6932372013038408E-002
   6.7742912307342071E-002
   6.7870032762768095E-002
   6.7869124431400682E-002
   6.8127671197913617E-002
   6.8733952576976023E-002
   6.9309475457254716E-002
   6.9856084793961201E-002
   7.0389992846755470E-002
   7.0904301566142636E-002
   7.1406457833980572E-002
   7.1904019731247146E-002
   7.2396987405955279E-002
   7.2873772352033364E-002
   7.3326040284793503E-002
   7.3763286279125415E-002
   7.4186292887520211E-002
   7.4573037291008976E-002
   7.4885747524651353E-002
   7.5076587821993487E-002
   7.5123489265666782E-002
   7.5066465915569647E-002
   7.4968946480121729E-002
   7.4861792292116688E-002
   7.4743279766306236E-002
   7.4606788026754578E-002
   7.4448024043689165E-002
   7.4274479782133987E-002
   7.4111399893015989E-002
   7.3986663039289108E-002
   7.3919036899688872E-002
   7.3905521875646488E-002
   7.3926211727602206E-002
   7.3977821662430873E-002
   7.4085653882804539E-002
   7.4377938029473484E-002
   7.5077578396080327E-002
   7.4778457709678864E-002
   7.4885956035805445E-002
   7.6290878648922075E-002
   7.8757381785103137E-002
   7.8906547456410472E-002
   7.7365817364640946E-002
   7.4424585500033572E-002
   7.2092659726448433E-002
   7.0731784138954160E-002
   6.9762364361287063E-002
   6.9056402721997798E-002
   6.8552032096587459E-002
   6.8360074464062379E-002
   6.8807546191966343E-002
   6.8281497495854285E-002
   6.7700081295470255E-002
   6.7371005294082895E-002
   6.7127655704241507E-002
   6.6928285555905298E-002
   6.6771671267902163E-002
   6.6646080927158416E-002
   6.6541165024575549E-002
   6.6393631567907202E-002
   6.5788438872709201E-002
   6.5577040012252757E-002
   6.5483318200005705E-002
   6.5386490612768730E-002
   6.5279373960370243E-002
   6.5174160523316468E-002
   6.5071077766996263E-002
   6.4965442110447968E-002
   6.4861259597683255E-002
   6.4781188722642574E-002
   6.4749975150003553E-002
   6.4793216344812207E-002
   6.4969025495392130E-002
   6.5531683856196024E-002
   6.7335168334264575E-002
   6.7393416936758876E-002
   6.6447314855686127E-002
   6.6370033126583031E-002
   6.5978290451633448E-002
   6.6008192065863266E-002
   6.6596445249831090E-002
   6.7308938044658498E-002
   6.8087175999318725E-002
   6.8898736452857462E-002
   6.9732340637409476E-002
   7.0579318927871212E-002
   7.1432074412293947E-002
   7.2285927673122530E-002
   7.3135628239122605E-002
   7.3980073254219250E-002
   7.4832016646777105E-002
   7.5688929159614171E-002
   7.6532640967938603E-002
   7.7318622134603721E-002
   7.7986232134312078E-002
   7.8545048324420830E-002
   7.8775729268653019E-002
   7.8651926954918058E-002
   7.8996298640559237E-002
   7.9418583890383032E-002
   7.9878002775207235E-002
   8.0374705959507492E-002
   8.0905184272062808E-002
   8.1447337396130970E-002
   8.1948228510942092E-002
   8.2341998100332894E-002
   8.2570235997016184E-002
   8.2613645671237870E-002
   8.2505043595917316E-002
   8.2320053972044296E-002
   8.2136633463627554E-002
   8.2002609667423468E-002
   8.1934212810687426E-002
   8.1932684873125439E-002
   8.1975473701161261E-002
   8.2046113980215371E-002
   8.2143029668975825E-002
   8.2265609885701016E-002
   8.2411198482724518E-002
   8.2579777081941572E-002
   8.2781853560615432E-002
   8.3023877262170587E-002
   8.3303760764107879E-002
   8.3617593361572068E-002
   8.3967637772875442E-002
   8.4351655879957216E-002
   8.4767671976135273E-002
   8.5215390807445099E-002
   8.5693532678056031E-002
   8.6204305475302362E-002
   8.6753782214141137E-002
   8.7407212780197585E-002
   8.8153845191368152E-002
   8.8628522288790534E-002
   8.9266796081235153E-002
   9.0072963907979225E-002
   9.1407416474544173E-002
   9.4026587610652052E-002
   9.5566493649779025E-002
   9.5545943846923692E-002
   9.4545244743326165E-002
   9.2625171208106136E-002
   9.0043149300289185E-002
   8.8220811400236507E-002
   8.6971917040215507E-002
   8.6024294502903345E-002
   8.5444272199761903E-002
   8.5316165207482086E-002
   8.4148127578809587E-002
   8.3404615365008539E-002
   8.2842151056704894E-002
   8.2383529846031089E-002
   8.2004125127883451E-002
   8.1698621869063459E-002
   8.1460830569792045E-002
   8.1289724768039417E-002
   8.1164351869738624E-002
   8.1014374105787074E-002
   8.0970883132582841E-002
   8.0961230178618504E-002
   8.0977622050533785E-002
   8.1017687196196245E-002
   8.1084491647714904E-002
   8.1199764876434433E-002
   8.1381586527997096E-002
   8.1676836449662921E-002
   8.2272932642754565E-002
   8.3945484367506540E-002
   8.5870023315313931E-002
   8.5656917913293218E-002
   8.3694824967367437E-002
   8.2151359237295621E-002
   8.1273369129093123E-002
   8.0633882973270996E-002
   8.0120499595894498E-002
   7.9689969410376441E-002
   7.9318150920657651E-002
   7.8990747310021550E-002
   7.8692645464718367E-002
   7.8416055592689757E-002
   7.8147138880351172E-002
   7.7883791047515347E-002
   7.7639837623751720E-002
   7.7418074427710024E-002
   7.7216341894916607E-002
   7.7030022724822886E-002
   7.6860419596271892E-002
   7.6700558334736782E-002
   7.6549802906536152E-002
   7.6417622397423349E-002
   7.6312289137976372E-002
   7.6251566364216108E-002
   7.6292297918025997E-002
   7.6498676484620456E-002
   7.6252489908365848E-002
   7.5780149134957245E-002
   7.5415737744215061E-002
   7.5143564118912196E-002
   7.5137491367586545E-002
   7.5066797245535818E-002
   7.4892265456591056E-002
   7.4717495658816982E-002
   7.4615576884283746E-002
   7.4630861319484404E-002
   7.4763466512398125E-002
   7.4991852612828536E-002
   7.5300489605842694E-002
   7.5681094247170566E-002
   7.6151033546420638E-002
   7.6704447003374962E-002
   7.7300779067215164E-002
   7.7937334993805424E-002
   7.8626595083170284E-002
   7.9364873233401856E-002
   8.0139802601226065E-002
   8.0942324194926127E-002
   8.1774387628837097E-002
   8.2628674100398952E-002
   8.3498746597848242E-002
   8.4387219257964427E-002
   8.5301512773934204E-002
   8.6260976104277076E-002
   8.7317106747340417E-002
   8.8568498225514367E-002
   9.0291115373774433E-002
   9.3143475894483713E-002
   9.5902667095867186E-002
   9.7964599814919825E-002
   9.7380139044345213E-002
   9.5718687345523565E-002
   9.3830371039524005E-002
   9.2459361303802515E-002
   9.1616656332087196E-002
   9.0991618601711385E-002
   9.0483129876884755E-002
   9.0060188104594541E-002
   8.9682632275185026E-002
   8.9332503203477312E-002
   8.9010339683726444E-002
   8.8711784208453631E-002
   8.8464599345745951E-002
   8.8445612116497430E-002
   8.9067552075425355E-002
   8.8648703548372371E-002
   8.7646875070121796E-002
   8.6999901328548110E-002
   8.6482079784356847E-002
   8.6074209469269067E-002
   8.5762029080801980E-002
   8.4874106132313776E-002
   8.3465672817533684E-002
   8.2508734050854543E-002
   8.2790613307268113E-002
   8.4493999906585682E-002
   8.4994098267410861E-002
   8.3482805813401964E-002
   8.1606873225573751E-002
   8.0461855036428429E-002
   7.9661370054735683E-002
   7.9081614205050582E-002
   7.8679616937247523E-002
   7.8415670909638135E-002
   7.8276944432295228E-002
   7.8280381986286202E-002
   7.7903101491010110E-002
   7.7547059280320269E-002
   7.7649431567373403E-002
   7.7803693660716933E-002
   7.8000273287209335E-002
   7.8231059776100134E-002
   7.8488873279956295E-002
   7.8770243719927635E-002
   7.9083443675469892E-002
   7.9432109914790230E-002
   7.9806011445347852E-002
   8.0217726508768322E-002
   8.0684607970571795E-002
   8.1203246669426465E-002
   8.1744250498800020E-002
   8.2262296554900152E-002
   8.2705732986115540E-002
   8.3024802140372500E-002
   8.3212169715663795E-002
   8.3329306536942274E-002
   8.3384692254302908E-002
   8.2845138318432349E-002
   8.2190657344969942E-002
   8.1651074396307297E-002
   8.1262322258431857E-002
   8.1212855710199844E-002
   8.1360602207676838E-002
   8.1485597615601785E-002
   8.1585237362323579E-002
   8.1657235290715974E-002
   8.1695590687424935E-002
   8.1684025255602435E-002
   8.1603015196373585E-002
   8.1448998699503311E-002
   8.1238332965901855E-002
   8.0978284720456137E-002
   8.0680390673242453E-002
   8.0346686412467644E-002
   7.9971009220147715E-002
   7.9568568971762468E-002
   7.9177561061823304E-002
   7.8832524104738080E-002
   7.8529755156572331E-002
   7.8245065068893060E-002
   7.7991119223359884E-002
   7.7898151956028977E-002
   7.8432577948660084E-002
   7.9691897348820456E-002
   8.0742066251600672E-002
   8.1161870197331870E-002
   8.0196963771940952E-002
   7.8127490773242367E-002
   7.5305619869603727E-002
   7.3297220884148889E-002
   7.1913127510959352E-002
   7.0828666938252238E-002
   6.9981269766540927E-002
   6.9341517730490840E-002
   6.8902535593242317E-002
   6.8717660468954958E-002
   6.9082570892578937E-002
   7.0602980536968687E-002
   7.0430620138797848E-002
   6.8929554406490706E-002
   6.8200244220979270E-002
   6.7837383667211454E-002
   6.7705983962216137E-002
   6.7755435652252075E-002
   6.7980930335755307E-002
   6.8294007303789442E-002
   6.7743716271332341E-002
   6.7036454985575034E-002
   6.7062346170859835E-002
   6.7545854218883858E-002
   6.8056718726622153E-002
   6.8565526094480814E-002
   6.9072474049284072E-002
   6.9584116028479928E-002
   7.0151889753971616E-002
   7.1058011087651016E-002
   7.3008145527065083E-002
   7.2911004203310079E-002
   7.2684485719017602E-002
   7.2891923442288578E-002
   7.3233778243763800E-002
   7.3653406788472736E-002
   7.4120589795161076E-002
   7.4630574755966073E-002
   7.5186576953073347E-002
   7.5745858590199458E-002
   7.6334012580765040E-002
   7.6808319254116630E-002
   7.6671495828005878E-002
   7.6538924000707415E-002
   7.6765033949030587E-002
   7.7161213957478200E-002
   7.7529711674524882E-002
   7.7857375899909265E-002
   7.8142203854939807E-002
   7.8348017503536926E-002
   7.8423243490563455E-002
   7.8350585992374683E-002
   7.8170027292646230E-002
   7.7962433525310917E-002
   7.7785179477732336E-002
   7.7695957251271736E-002
   7.7359471249035042E-002
   7.6560500663441389E-002
   7.5803506343579991E-002
   7.5271602012259908E-002
   7.5001368602605645E-002
   7.4696702534812184E-002
   7.4386425466804434E-002
   7.4120645145881153E-002
   7.3930743996245399E-002
   7.3822005334833296E-002
   7.3779509586747297E-002
   7.3783623083432878E-002
   7.3810729255950461E-002
   7.3851039849297612E-002
   7.3929349070096823E-002
   7.4064308078250499E-002
   7.4263629238090795E-002
   7.4539337427436472E-002
   7.4893405710306019E-002
   7.5319769902243053E-002
   7.5815830656686026E-002
   7.6370831061697730E-002
   7.6969287430050590E-002
   7.7607236770707216E-002
   7.8284836802195598E-002
   7.9003525721755868E-002
   7.9765770547637643E-002
   8.0574576017319682E-002
   8.1427024791473332E-002
   8.2309117654040170E-002
   8.3214613030176771E-002
   8.4149841854345347E-002
   8.5187344454833683E-002
   8.6883128009291391E-002
   8.7914752693172601E-002
   8.7904867387010560E-002
   8.8433777013657525E-002
   8.9324609682664174E-002
   9.1426542253422144E-002
   9.3501222768643283E-002
   9.3535620236237113E-002
   9.2163749418065641E-002
   9.0042937580950250E-002
   8.8770244391612768E-002
   8.7926456433833844E-002
   8.7263735518261970E-002
   8.6688731693282270E-002
   8.6154962848795993E-002
   8.5647020635810270E-002
   8.5162704289970081E-002
   8.4707679296963212E-002
   8.4347847139457047E-002
   8.4481547703778637E-002
   8.6736318847842414E-002
   8.6853836270865348E-002
   8.3404524998171983E-002
   7.9962432528064772E-002
   7.7696991781090130E-002
   7.5836618048933935E-002
   7.4227476895131636E-002
   7.2815456902075457E-002
   7.1578488785950994E-002
   7.0542615617670459E-002
   6.9689737186852757E-002
   6.7909855366348623E-002
   6.6029375685477121E-002
   6.4581520775897974E-002
   6.3988317265115793E-002
   6.4002556493492971E-002
   6.4118506786427346E-002
   6.4374457442665109E-002
   6.4612590752128884E-002
   6.4849678905795266E-002
   6.5218721209949121E-002
   6.5179732840233665E-002
   6.5494032394456558E-002
   6.5903218139271399E-002
   6.6369554390386720E-002
   6.6877286400319605E-002
   6.7431223927572087E-002
   6.8018537128542833E-002
   6.8631056755290062E-002
   6.9268052971191291E-002
   6.9915511713883383E-002
   7.0570888552767164E-002
   7.1222363833275668E-002
   7.1867642476009672E-002
   7.2521715455731939E-002
   7.3177675739389270E-002
   7.3814173397553626E-002
   7.4434898067487695E-002
   7.5053669130244874E-002
   7.5696410614832593E-002
   7.6266008450777953E-002
   7.6199844569390926E-002
   7.6387298176287685E-002
   7.7006799252405514E-002
   7.7638104157507631E-002
   7.8272138882897163E-002
   7.8920777219679439E-002
   7.9564233105425097E-002
   8.0162263423732866E-002
   8.0655709825939503E-002
   8.1017777799225532E-002
   8.1253454301030689E-002
   8.1404175208658572E-002
   8.1517574584637764E-002
   8.1628823468533881E-002
   8.1777461678821065E-002
   8.1964962399159749E-002
   8.2179260463537573E-002
   8.2413736459798895E-002
   8.2665560859346177E-002
   8.2936538069993140E-002
   8.3215804586921821E-002
   8.3501377644937216E-002
   8.3790507153879271E-002
   8.4083897602073604E-002
   8.4391561673787988E-002
   8.4706137778634283E-002
   8.5011000161066275E-002
   8.5265371022114844E-002
   8.5417186511127938E-002
   8.5435371072601449E-002
   8.5335474040013543E-002
   8.5180863269638002E-002
   8.5030759987198390E-002
   8.4922670109671833E-002
   8.4887828849882996E-002
   8.4972115659125047E-002
   8.5331399923180229E-002
   8.6615573183979416E-002
   8.8981782811076673E-002
   9.0609038166300102E-002
   8.9711024796443689E-002
   8.7560576404006926E-002
   8.5113411964204536E-002
   8.3262274122241062E-002
   8.2171438070446703E-002
   8.1431265567653358E-002
   8.0909361978440134E-002
   8.0546050274159287E-002
   8.0301579679834811E-002
   8.0150130256704380E-002
   8.0073253785099774E-002
   8.0053530275094764E-002
   8.0092652119071753E-002
   8.0186043848325284E-002
   8.0343582410772593E-002
   8.0625007077120808E-002
   8.1258254782221387E-002
   8.3067745898143031E-002
   8.5058520209027697E-002
   8.4426990598400475E-002
   8.2645357046020190E-002
   8.1653371693734572E-002
   8.1113593557950392E-002
   8.0877309912715550E-002
   8.1131808394573512E-002
   8.2175853567672957E-002
   8.1878177340368022E-002
   7.9526472079539820E-002
   7.7477769770952151E-002
   7.6543267732243028E-002
   7.6201153270444050E-002
   7.5987126424750806E-002
   7.5743425615615020E-002
   7.5583755695116162E-002
   7.5487154989788544E-002
   7.5408376101385496E-002
   7.5346585755282997E-002
   7.5322499016281366E-002
   7.5195098098163562E-002
   7.5031922200943457E-002
   7.5047703350360595E-002
   7.5075329415218731E-002
   7.5116235820648330E-002
   7.5172361203291793E-002
   7.5242602511171236E-002
   7.5331224286254064E-002
   7.5450021558832611E-002
   7.5608842091765424E-002
   7.5817807212868168E-002
   7.6090652671309961E-002
   7.6447172311196326E-002
   7.6894749778041963E-002
   7.7422404638505998E-002
   7.7989089870453651E-002
   7.8525977529989535E-002
   7.8984917652540274E-002
   7.9362642848318565E-002
   7.9207556339749075E-002
   7.8637796515935374E-002
   7.8422654735996092E-002
   7.8461460909531405E-002
   7.8603322772940798E-002
   7.8850957571126520E-002
   7.9190840079893438E-002
   7.9602072951632949E-002
   8.0071895116105518E-002
   8.0591178219261719E-002
   8.1146331569689409E-002
   8.1731345908109002E-002
   8.2337512547722091E-002
   8.2956715315142537E-002
   8.3576218862745036E-002
   8.4179017140502535E-002
   8.4755100877856843E-002
   8.5306426617548531E-002
   8.5845140915037171E-002
   8.6361978711042994E-002
   8.6832810748437669E-002
   8.7242659863905100E-002
   8.7599051487704777E-002
   8.7975101717201132E-002
   8.8524722902703773E-002
   8.9645774415592683E-002
   9.2442299570839270E-002
   9.6175872295758177E-002
   9.7531048075850890E-002
   9.5895123699165460E-002
   9.2767065649530300E-002
   8.9736230288604155E-002
   8.7572138434181407E-002
   8.6025118225482297E-002
   8.4781857119134607E-002
   8.3734096961181642E-002
   8.2821640474022684E-002
   8.2023405939689209E-002
   8.1333454072525416E-002
   8.0749109326675672E-002
   8.0292235402253873E-002
   8.0043747774068294E-002
   8.0338013686171952E-002
   8.1440192122551866E-002
   8.0878048800908708E-002
   7.9655621480647198E-002
   7.9069130495062506E-002
   7.8753044775334208E-002
   7.8626507427169728E-002
   7.8685686324974663E-002
   7.8556617322374039E-002
   7.7760452041081063E-002
   7.7345074335836025E-002
   7.7563271522558874E-002
   7.7901122682083337E-002
   7.8374557375327100E-002
   7.9340880122914154E-002
   7.9429012692695491E-002
   7.9407828010387024E-002
   7.9475116437721788E-002
   7.9537776238974275E-002
   7.9587704712145393E-002
   7.9624397194587498E-002
   7.9649813614064480E-002
   7.9659937391950819E-002
   7.9665436748996787E-002
   7.9669870256334513E-002
   7.9662143110171918E-002
   7.9669508408665060E-002
   7.9694574548711344E-002
   7.9734840186415148E-002
   7.9786358264512899E-002
   7.9903011044677397E-002
   7.9898439201342306E-002
   7.9706937498399535E-002
   7.9847494625151366E-002
