   1.7304136136449304E-002
   6.1824643478090337E-003
   5.8817952406641141E-003
   7.1542555155301940E-003
   7.3566669205334147E-003
   7.2171795655140807E-003
   7.2922925455473622E-003
   7.5860857209921456E-003
   7.7617722695479943E-003
   8.0095944403757256E-003
   8.2649820307436079E-003
   8.5258284211425679E-003
   8.7449647528241355E-003
   8.9481071765700471E-003
   9.2347158477690244E-003
   9.5627095349247893E-003
   9.8891326974710324E-003
   1.0170677380836249E-002
   1.0357376646463957E-002
   1.0425170516786013E-002
   1.0416788361315326E-002
   1.0361140657241932E-002
   1.0278830444540421E-002
   1.0173985318376539E-002
   1.0026287215394006E-002
   9.7264025383815463E-003
   9.4989318281408063E-003
   9.0747919160109845E-003
   8.0554231188667887E-003
   7.3272683556687233E-003
   7.1193504255692482E-003
   6.9411430603174319E-003
   6.8195313884538769E-003
   6.7601902540766375E-003
   6.7499424378129336E-003
   6.7322719996132973E-003
   6.6777688364701090E-003
   6.7301853504926632E-003
   6.7781002002627625E-003
   6.6038658189347130E-003
   6.6314444767740614E-003
   6.6623703742700723E-003
   6.6971513435635007E-003
   6.7255434582545173E-003
   6.7523910554922913E-003
   6.7825193579785104E-003
   6.8133731670379540E-003
   6.8387711139839989E-003
   6.8547326453366475E-003
   6.8674595348759606E-003
   6.8721289368447467E-003
   6.8699498754590067E-003
   6.8550732064412857E-003
   6.8275768279164855E-003
   6.7958026898526690E-003
   6.7537437756462690E-003
   6.7010206393472767E-003
   6.6370341153832151E-003
   6.5670554946175522E-003
   6.4973343154175025E-003
   6.4250972530912418E-003
   6.3510494575943766E-003
   6.2837038594065007E-003
   6.2218772253048223E-003
   6.1677289865819922E-003
   6.1144616256521567E-003
   6.0569290873637360E-003
   5.9881688417124709E-003
   5.8854000767766266E-003
   5.7367725559119027E-003
   5.5537688011938714E-003
   5.3761157080169687E-003
   5.2458260542175309E-003
   5.1708359545540308E-003
   5.1305365080069783E-003
   5.1072323102867648E-003
   5.0875689777059576E-003
   5.0574326039609617E-003
   5.0148387653267219E-003
   4.9653640070144471E-003
   4.9109107629211569E-003
   4.8465784697347058E-003
   4.7673882148183636E-003
   4.6768733924233028E-003
   4.5889582396337310E-003
   4.5069302992684262E-003
   4.4257562826445643E-003
   4.3451004712117504E-003
   4.2933050667139728E-003
   4.2750581230599251E-003
   4.2642995385415924E-003
   4.2525519518252161E-003
   4.2555004917274345E-003
   4.2808646781611901E-003
   4.3224468587502157E-003
   4.3677569618197571E-003
   4.4006120365604612E-003
   4.4220749589781840E-003
   4.4392998662992006E-003
   4.4453453171885583E-003
   4.4473924657707541E-003
   4.4543957368611180E-003
   4.4800356067152625E-003
   4.5547788042798031E-003
   4.4937785223352327E-003
   4.4324467188259758E-003
   4.4038949980787683E-003
   4.3963150562583032E-003
   4.4061619259169009E-003
   4.4327218660999155E-003
   4.4672466232640613E-003
   4.5066027019655241E-003
   4.5487038231825276E-003
   4.5886900704393933E-003
   4.6331923430213799E-003
   4.6796101129938546E-003
   4.7280749585553684E-003
   4.7799653641198564E-003
   4.8251052992548211E-003
   4.8577551686263560E-003
   4.8707104759593885E-003
   4.8580684765356505E-003
   4.8138891245730090E-003
   4.7383084524140699E-003
   4.6282615494613929E-003
   4.4867779089863705E-003
   4.3224702528827947E-003
   4.1432701255240964E-003
   3.9557224750530222E-003
   3.7737488504775533E-003
   3.6114321315722495E-003
   3.4746317605083496E-003
   3.3881896925582102E-003
   3.2592446622923469E-003
   3.1422321690637140E-003
   3.0073969527756794E-003
   2.9058437754910143E-003
   2.8371255423770498E-003
   2.7992061570237732E-003
   2.7789371089430438E-003
   2.7691076494322261E-003
   2.7668000448779098E-003
   2.7703425637320830E-003
   2.7730924532563183E-003
   2.7671971904871537E-003
   2.7572186328664702E-003
   2.7516564106206567E-003
   2.7486002658418723E-003
   2.7449942611612395E-003
   2.7404546518999566E-003
   2.7330684432273584E-003
   2.7232569152771287E-003
   2.7138246110289545E-003
   2.7113230355763859E-003
   2.7084238297454648E-003
   2.7037581273630096E-003
   2.6959989331589219E-003
   2.6881726363030775E-003
   2.6790292629132887E-003
   2.6736221071152529E-003
   2.6712490844604522E-003
   2.6501526691854460E-003
   2.6445140400518934E-003
   2.6362801100592126E-003
   2.6261873638298992E-003
   2.6144709691751250E-003
   2.6060761772377628E-003
   2.6043679983104740E-003
   2.6054547823129207E-003
   2.6123941437578391E-003
   2.6250573111085093E-003
   2.6364377737049670E-003
   2.6456428451363339E-003
   2.6567826307313763E-003
   2.6676983739962008E-003
   2.6816687798600614E-003
   2.7017299382735330E-003
   2.7265792541679716E-003
   2.7524469690754826E-003
   2.7848703167149334E-003
   2.8828485374314274E-003
   2.8460850081286496E-003
   2.8479480454312945E-003
   2.8370993743731471E-003
   2.8151363902528263E-003
   2.7871299535840851E-003
   2.7534508235046175E-003
   2.6714741506860345E-003
   2.6717393887959575E-003
   2.6782173157513770E-003
   2.6785579855256839E-003
   2.6647065294501744E-003
   2.6452358496870292E-003
   2.6290861666884158E-003
   2.6148277548584853E-003
   2.5999095088002967E-003
   2.5861238531244960E-003
   2.5738528739986696E-003
   2.5752008513869953E-003
   2.6131992993122552E-003
   2.5507644729139351E-003
   2.5132867199660919E-003
   2.4861096114125506E-003
   2.4621466501600861E-003
   2.4381497889292086E-003
   2.4146485799206312E-003
   2.3950432700792935E-003
   2.3803282079805344E-003
   2.3657147457755291E-003
   2.3507002705305865E-003
   2.3329095890650721E-003
   2.3147740340732840E-003
   2.2966872556502960E-003
   2.2801499126645099E-003
   2.2645187988511338E-003
   2.2476166841335220E-003
   2.2278280556893952E-003
   2.2075883555565915E-003
   2.1885546615122574E-003
   2.1689768290048886E-003
   2.1485579937350788E-003
   2.1283932599173720E-003
   2.1088575219469709E-003
   2.0906427441485468E-003
   2.0720895136254604E-003
   2.0541862961331375E-003
   2.0378970461581766E-003
   2.0239365443740264E-003
   2.0125903531962312E-003
   2.0027680808792931E-003
   1.9939687088557120E-003
   1.9857031505876406E-003
   1.9791068348084420E-003
   1.9754086529194625E-003
   1.9755094467668638E-003
   1.9792974873820133E-003
   1.9859334113956338E-003
   1.9940585698727475E-003
   2.0038845373757594E-003
   2.0175283865726261E-003
   2.0367997671654320E-003
   2.0675783738484305E-003
   2.0674773005682498E-003
   2.0779662327909455E-003
   2.0954007664459279E-003
   2.1155823012100694E-003
   2.1347654511256332E-003
   2.1538618235670800E-003
   2.1721436677212139E-003
   2.1928289748604267E-003
   2.2134333861445663E-003
   2.2357226629205243E-003
   2.2571612654363332E-003
   2.2797103145965033E-003
   2.3010564698386971E-003
   2.3168331539826616E-003
   2.3301310143996603E-003
   2.3430905080481473E-003
   2.3565842335253970E-003
   2.3718487763212718E-003
   2.3975279811678588E-003
   2.4236118942321796E-003
   2.4161710281303079E-003
   2.4137526958735080E-003
   2.4154355064985710E-003
   2.4212430923991803E-003
   2.4303728625765224E-003
   2.4044239909251394E-003
   2.3970938758505014E-003
   2.3896383729817183E-003
   2.3864867422977447E-003
   2.3857197510757898E-003
   2.3894678501569532E-003
   2.3925134075924851E-003
   2.3893544926619700E-003
   2.3839486368580944E-003
   2.3819958478110007E-003
   2.3847297250625355E-003
   2.3865737952250710E-003
   2.3875203900890901E-003
   2.3885245157267126E-003
   2.3886196566161874E-003
   2.3952417879836365E-003
   2.4063120649686926E-003
   2.4188569196695949E-003
   2.4309357462143329E-003
   2.4528762232785008E-003
   2.4839607169062838E-003
   2.4668520806362011E-003
   2.4712228241177709E-003
   2.4790529974593207E-003
   2.4865335392032228E-003
   2.4903771882516051E-003
   2.4898956961498684E-003
   2.4919634715762540E-003
   2.5016018921438041E-003
   2.5267734578616132E-003
   2.5508581987397985E-003
   2.5133225153071148E-003
   2.5081395614020606E-003
   2.5038365114680950E-003
   2.4973618734402997E-003
   2.4897402003514961E-003
   2.4814340845050564E-003
   2.4762859766675172E-003
   2.4720310553885830E-003
   2.4651734347098534E-003
   2.4519845714686067E-003
   2.4357722350367857E-003
   2.4239140935476537E-003
   2.4132060308667156E-003
   2.4008940416958774E-003
   2.3877338720100076E-003
   2.3723498181458737E-003
   2.3560054125043870E-003
   2.3414745712206108E-003
   2.3290827671933584E-003
   2.3177159512991203E-003
   2.3070375795454772E-003
   2.2960357815695674E-003
   2.2847347609333849E-003
   2.2751720462936597E-003
   2.2660331311380676E-003
   2.2588262950572610E-003
   2.2542649416784528E-003
   2.2487469716185675E-003
   2.2421793037803841E-003
   2.2365581787241792E-003
   2.2326853722354507E-003
   2.2324313465759225E-003
   2.2401353392145842E-003
   2.2739942137549097E-003
   2.2587570707663196E-003
   2.2229176878958423E-003
   2.2085105347654159E-003
   2.1985752382972464E-003
   2.1896419598160990E-003
   2.1820853673039844E-003
   2.1777026359891872E-003
   2.1743017457845656E-003
   2.1727314637960712E-003
   2.1721049054829662E-003
   2.1699600498676272E-003
   2.1675187628330795E-003
   2.1676113465532859E-003
   2.1738593241026004E-003
   2.1839298416852122E-003
   2.1915626557306744E-003
   2.1935705409015286E-003
   2.1925075599329032E-003
   2.1914663144920504E-003
   2.1918645629811703E-003
   2.1926015590634628E-003
   2.1921262715604672E-003
   2.1920261844928270E-003
   2.1895215421027137E-003
   2.1856197607929249E-003
   2.1847648677527673E-003
   2.1836097610536277E-003
   2.1635411669223615E-003
   2.1599413395937041E-003
   2.1540709316735514E-003
   2.1494428831895151E-003
   2.1483438828421852E-003
   2.1496798659114561E-003
   2.1486941662311595E-003
   2.1441916204076113E-003
   2.1390370196699903E-003
   2.1444291770912984E-003
   2.1535872485570974E-003
   2.1338729783263776E-003
   2.1256087998875795E-003
   2.1154090290253108E-003
   2.1033623864911313E-003
   2.0945408990325561E-003
   2.0872001604558990E-003
   2.0804603100069837E-003
   2.0737025752555027E-003
   2.0614203167221954E-003
   2.0483639322871378E-003
   2.0382739500183775E-003
   2.0329866302040553E-003
   2.0415001572017628E-003
   2.0215823698183379E-003
   2.0095034861666332E-003
   2.0043460492246965E-003
   2.0087973301541728E-003
   2.0037525590748330E-003
   1.9811840544257269E-003
   1.9663400223012962E-003
   1.9600278435154203E-003
   1.9617407068730948E-003
   1.9690324188761823E-003
   1.9765424476425376E-003
   1.9833769206344279E-003
   1.9948954050317182E-003
   2.0087984852377714E-003
   2.0283898198317019E-003
   2.0495752932816009E-003
   2.0712372203398059E-003
   2.0897408675306078E-003
   2.1045966613493024E-003
   2.1189142866330701E-003
   2.1347810688774177E-003
   2.1516726643017636E-003
   2.1664433197547241E-003
   2.1807092409676064E-003
   2.1957165670214787E-003
   2.2095424365452822E-003
   2.2224373660370269E-003
   2.2360247022618503E-003
   2.2583221857213954E-003
   2.3138099021626024E-003
   2.3494191592110950E-003
   2.3019759070877733E-003
   2.2826516313466821E-003
   2.2691681800424998E-003
   2.2583905228135757E-003
   2.2519957782764087E-003
   2.2463277375600818E-003
   2.2393840817438600E-003
   2.2308044723344344E-003
   2.2204683803478857E-003
   2.2098367150285895E-003
   2.1992569644193466E-003
   2.1881198157619594E-003
   2.1765041782317524E-003
   2.1630365766804141E-003
   2.1495015391890266E-003
   2.1383016314857561E-003
   2.1286896848914821E-003
   2.1200617994139108E-003
   2.1123828778189320E-003
   2.1056004452299050E-003
   2.0987182165002512E-003
   2.0919306603748296E-003
   2.0885827093187134E-003
   2.0889026375332637E-003
   2.0895552432126335E-003
   2.0916831400699374E-003
   2.0950621552980300E-003
   2.0987410999957286E-003
   2.1029979484903840E-003
   2.1074950421582136E-003
   2.1114864259834040E-003
   2.1021484548254818E-003
   2.1066678077175847E-003
   2.1130720626478540E-003
   2.1223119412605040E-003
   2.1318231236543681E-003
   2.1388768811842068E-003
   2.1432052948761647E-003
   2.1438105638495516E-003
   2.1449240787126214E-003
   2.1494967097443808E-003
   2.1557165565423159E-003
   2.1608886518530838E-003
   2.1633780340815597E-003
   2.1677927220787193E-003
   2.1741874578484754E-003
   2.1780901553038251E-003
   2.1798791131121252E-003
   2.1781358254028276E-003
   2.1759776822636609E-003
   2.1884072078299857E-003
   2.2249658494340827E-003
   2.1773341511720579E-003
   2.1562358224621516E-003
   2.1426913427811550E-003
   2.1256719768567695E-003
   2.1068951848084091E-003
   2.0931058929666404E-003
   2.0825651737295002E-003
   2.0735962113376579E-003
   2.0625354569838920E-003
   2.0465179293258943E-003
   2.0277318469260138E-003
   2.0093482114168127E-003
   1.9951134039688633E-003
   1.9845074384641941E-003
   1.9750871126032995E-003
   1.9620501469433762E-003
   1.9467750437452268E-003
   1.9367393257009983E-003
   1.9430997993662182E-003
   1.9425401016174221E-003
   1.9083365953867404E-003
   1.8865034252968822E-003
   1.8667194582201406E-003
   1.8507803291052491E-003
   1.8382965894249872E-003
   1.8266192512259010E-003
   1.8155867500788531E-003
   1.8086318893834603E-003
   1.8170555422159257E-003
   1.8336039691469362E-003
   1.7904537562035308E-003
   1.7753704539934514E-003
   1.7636181820114808E-003
   1.7547602503508299E-003
   1.7492268162331000E-003
   1.7491246062283018E-003
   1.7531117442548783E-003
   1.7569707736160391E-003
   1.7589913109585663E-003
   1.7602776128598091E-003
   1.7634502317822145E-003
   1.7673815886665725E-003
   1.7692438561438745E-003
   1.7716449770521499E-003
   1.7727003523486794E-003
   1.7755009683821979E-003
   1.7795515263092018E-003
   1.7855738730577241E-003
   1.7934896062708173E-003
   1.8015183042281418E-003
   1.8086758022088014E-003
   1.8155726937723333E-003
   1.8232165760488218E-003
   1.8312703023024110E-003
   1.8395187724646414E-003
   1.8480176983279655E-003
   1.8569721801413939E-003
   1.8659317365837527E-003
   1.8733302210734830E-003
   1.8800004354772824E-003
   1.8897848065175527E-003
   1.8874357600921453E-003
   1.8822712506967980E-003
   1.8906071854160695E-003
   1.8973048225807015E-003
   1.9028745661146809E-003
   1.9085907777455977E-003
   1.9139755073951802E-003
   1.9188034490595118E-003
   1.9224362491429389E-003
   1.9253340350823243E-003
   1.9277773799015565E-003
   1.9295920193720774E-003
   1.9310127540507099E-003
   1.9316800213590823E-003
   1.9309286082406856E-003
   1.9278572470946161E-003
   1.9237137314622626E-003
   1.9205335388674065E-003
   1.9171624427879322E-003
   1.9122174064222838E-003
   1.9069665374308339E-003
   1.9021606923922949E-003
   1.8988901003740616E-003
   1.8974914431241891E-003
   1.8988165825286987E-003
   1.9039669257205519E-003
   1.9237580118084707E-003
   1.9394379757613344E-003
   1.9072870294089771E-003
   1.8991680494434518E-003
   1.9131261186705701E-003
   1.9093579916343170E-003
   1.8793496187124743E-003
   1.8654628550016027E-003
   1.8565018482304067E-003
   1.8490828755389930E-003
   1.8427788297620401E-003
   1.8385526136496441E-003
   1.8353896578674003E-003
   1.8342322156470632E-003
   1.8341173822959830E-003
   1.8357317715592058E-003
   1.8389949108872001E-003
   1.8419323308838894E-003
   1.8461456919378974E-003
   1.8514599466329712E-003
   1.8558685551225429E-003
   1.8610392188328580E-003
   1.8678419303463482E-003
   1.8739704586900458E-003
   1.8786109476626404E-003
   1.8815620588489409E-003
   1.8823756463711724E-003
   1.8826422964329796E-003
   1.8830166293063576E-003
   1.8827971836337452E-003
   1.8808237874073878E-003
   1.8793943366399383E-003
   1.8806860841769156E-003
   1.8939170523018494E-003
   1.9030603486598864E-003
   1.9377256530879350E-003
   1.9655290458445627E-003
   1.8883157090404453E-003
   1.8458953461904870E-003
   1.8231522055776818E-003
   1.8039405544772963E-003
   1.7863617985628630E-003
   1.7714218883865670E-003
   1.7604314547289670E-003
   1.7517807846324197E-003
   1.7356713021234465E-003
   1.7181573154437812E-003
   1.7099739230139522E-003
   1.7041793455581061E-003
   1.6998046947351115E-003
   1.6949324833666556E-003
   1.6884373522178485E-003
   1.6828254480454931E-003
   1.6789821078038100E-003
   1.6746718342753031E-003
   1.6712598213448752E-003
   1.6691052966302403E-003
   1.6662004328345640E-003
   1.6613357719798205E-003
   1.6581483610061338E-003
   1.6512172057666209E-003
   1.6480904419878628E-003
   1.6474813256960972E-003
   1.6460037111936372E-003
   1.6440303461410849E-003
   1.6422124880633938E-003
   1.6383478246613998E-003
   1.6329999837413445E-003
   1.6274742609289588E-003
   1.6215260266096297E-003
   1.6159720246167123E-003
   1.6114238880328350E-003
   1.6074848347023027E-003
   1.6042273450213801E-003
   1.6028585811362042E-003
   1.6021084834727821E-003
   1.6022185491799609E-003
   1.6033292672518937E-003
   1.6051974849271712E-003
   1.6064146573638025E-003
   1.6068865738131960E-003
   1.6081990720450978E-003
   1.6109728911905255E-003
   1.6148243554745842E-003
   1.6195744822376230E-003
   1.6255881111600678E-003
   1.6323075070392783E-003
   1.6392469452888201E-003
   1.6481934045607779E-003
   1.6705363350382593E-003
   1.6718644226550801E-003
   1.6687306501577813E-003
   1.6737769430436840E-003
   1.6790056422379847E-003
   1.6838459824813723E-003
   1.6909988230522407E-003
   1.7096966221040340E-003
   1.7511097678256709E-003
   1.7098726834270724E-003
   1.6844999861753685E-003
   1.6676734467562565E-003
   1.6528109089759717E-003
   1.6395289263814235E-003
   1.6293571933089575E-003
   1.6203875472917710E-003
   1.6102734577367387E-003
   1.6017020656175769E-003
   1.5952870892160325E-003
   1.5917239145706622E-003
   1.5885629668279154E-003
   1.5856553774720014E-003
   1.5841300689002230E-003
   1.5826386738345042E-003
   1.5803185260811902E-003
   1.5781023750682044E-003
   1.5765514130099910E-003
   1.5755787786204851E-003
   1.5757969597092428E-003
   1.5772208571763024E-003
   1.5804211356430938E-003
   1.5877184720111926E-003
   1.6067445983002414E-003
   1.6716116971133028E-003
   1.7442431629939904E-003
   1.6679895945421264E-003
   1.6526443796966576E-003
   1.6778937829744938E-003
   1.6345637983405225E-003
   1.6035291692193881E-003
   1.5822780499316334E-003
   1.5704788241698016E-003
   1.5635700593633693E-003
   1.5496495386374525E-003
   1.5165246190896732E-003
   1.4820467466128389E-003
   1.4797181380562755E-003
   1.4780771144339434E-003
   1.4754230809262917E-003
   1.4715232572726643E-003
   1.4683975781286185E-003
   1.4663283834226739E-003
   1.4653622086797896E-003
   1.4642445690156937E-003
   1.4622412655637474E-003
   1.4612517810371434E-003
   1.4592394544868403E-003
   1.4567336729619034E-003
   1.4551061002730042E-003
   1.4541933500258118E-003
   1.4534718903596708E-003
   1.4527644896286424E-003
   1.4548725488380280E-003
   1.4621987814906333E-003
   1.4372405914275716E-003
   1.4393891000062016E-003
   1.4448423304109419E-003
   1.4514911533463615E-003
   1.4611737613555306E-003
   1.4724178345480940E-003
   1.4828584164439499E-003
   1.4920530164023909E-003
   1.5005281603382979E-003
   1.5093212323332554E-003
   1.5172708815093493E-003
   1.5246004910556823E-003
   1.5323543685353276E-003
   1.5387471076603681E-003
   1.5431988886176777E-003
   1.5478317688659654E-003
   1.5532987555409263E-003
   1.5577329248136645E-003
   1.5613006431873934E-003
   1.5642185940482683E-003
   1.5662252296574247E-003
   1.5687693996968000E-003
   1.5713510292432902E-003
   1.5735966695506415E-003
   1.5740798505545740E-003
   1.5726097398370631E-003
   1.5699681185839011E-003
   1.5666963007477058E-003
   1.5626187298812557E-003
   1.5579428701797669E-003
   1.5546571395633119E-003
   1.5614678500044878E-003
   1.5632944633094394E-003
   1.5599077586854479E-003
   1.5865594974033323E-003
   1.5414121836575308E-003
   1.5186746356210779E-003
   1.5001180383474601E-003
   1.4851023406730413E-003
   1.4736259763455056E-003
   1.4627550692502959E-003
   1.4526060670810009E-003
   1.4453380295765780E-003
   1.4367286527972682E-003
   1.4275535654929121E-003
   1.4199708695919792E-003
   1.4129849192653305E-003
   1.4070092407387793E-003
   1.4020615510843132E-003
   1.3975143227138299E-003
   1.3929285929486686E-003
   1.3919002518021969E-003
   1.4029398798160932E-003
   1.4256627825914448E-003
   1.3986900952125366E-003
   1.3874994115112061E-003
   1.3803141962832662E-003
   1.3762911755109651E-003
   1.3746681269281203E-003
   1.3744324010235617E-003
   1.3728188016596424E-003
   1.3636396350015572E-003
   1.3613809365523649E-003
   1.3632890103061426E-003
   1.3835144080072341E-003
   1.3733041961689672E-003
   1.3539566964545612E-003
   1.3426860423656083E-003
   1.3335532175342303E-003
   1.3263821027934143E-003
   1.3131102201852792E-003
   1.3068626508801137E-003
   1.3036716577519316E-003
   1.3029940197836060E-003
   1.2961182783868667E-003
   1.2923945306569623E-003
   1.2895225783564682E-003
   1.2875872374351488E-003
   1.2861199994679683E-003
   1.2847580974050367E-003
   1.2827119930265375E-003
   1.2801848280853056E-003
   1.2790922769488390E-003
   1.2802027196266897E-003
   1.2818919000446773E-003
   1.2817781188812424E-003
   1.2812894679496408E-003
   1.2816820167817974E-003
   1.2835506163137581E-003
   1.2878977830391536E-003
   1.2786044250784143E-003
   1.2813337178792842E-003
   1.2873623554232772E-003
   1.2949967005101393E-003
   1.3034651611366392E-003
   1.3120272449400358E-003
   1.3200839910477403E-003
   1.3273064393592364E-003
   1.3334818307423912E-003
   1.3385243879631232E-003
   1.3428827429176388E-003
   1.3476902492005531E-003
   1.3524402009491288E-003
   1.3565459816245031E-003
   1.3603574936444374E-003
   1.3639113941540445E-003
   1.3661011933012294E-003
   1.3675217054970588E-003
   1.3691350638109420E-003
   1.3701343404582743E-003
   1.3693546432902292E-003
   1.3669238642679434E-003
   1.3628512372614878E-003
   1.3579673972392643E-003
   1.3537678858060230E-003
   1.3500250864434387E-003
   1.3463881734460327E-003
   1.3424953025598608E-003
   1.3376409757447276E-003
   1.3323160992755349E-003
   1.3284213036793202E-003
   1.3268083871619425E-003
   1.3264624514400484E-003
   1.3262233193646075E-003
   1.3258281696370993E-003
   1.3283474573720802E-003
   1.3313066591750780E-003
   1.3278507479067925E-003
   1.3280268965028825E-003
   1.3286020662505340E-003
   1.3291816496172528E-003
   1.3313226812332074E-003
   1.3430002179741728E-003
   1.3721788246225236E-003
   1.3506446834217099E-003
   1.3449352954291180E-003
   1.3478124094626126E-003
   1.3512122866083927E-003
   1.3538705627884819E-003
   1.3575466647228890E-003
   1.3640816237245005E-003
   1.3746002844965443E-003
   1.4091043191322124E-003
   1.4367039989595656E-003
   1.3944966479626528E-003
   1.3815429552496749E-003
   1.3726682738154175E-003
   1.3682681840878497E-003
   1.3657800680274489E-003
   1.3629127442837481E-003
   1.3488878429669866E-003
   1.3511015171841592E-003
   1.3542010293056720E-003
   1.3592268908717642E-003
   1.3646037313785927E-003
   1.3677896422082301E-003
   1.3677319085781637E-003
   1.3669423135079818E-003
   1.3683109337748218E-003
   1.3691461693351411E-003
   1.3689550815117596E-003
   1.3697919629917189E-003
   1.3718677786121204E-003
   1.3761713035401473E-003
   1.3862542958124056E-003
   1.4083207328955004E-003
   1.3856742797301151E-003
   1.3765018657443502E-003
   1.3753152873715198E-003
   1.3732597938940847E-003
   1.3698752726460247E-003
   1.3665322742000268E-003
   1.3627727304926836E-003
   1.3596816783074421E-003
   1.3580073447267778E-003
   1.3473021846362886E-003
   1.3424642437620095E-003
   1.3390122971274050E-003
   1.3343102948338910E-003
   1.3303435624328391E-003
   1.3278423497575906E-003
   1.3254838687473387E-003
   1.3230264975182954E-003
   1.3189620653558474E-003
   1.3130492359219998E-003
   1.3061782668364291E-003
   1.2998355551689272E-003
   1.2949363512710177E-003
   1.2907375951095458E-003
   1.2863854507239414E-003
   1.2820898236316608E-003
   1.2786358053013135E-003
   1.2764453824144581E-003
   1.2737957717359849E-003
   1.2704787102759197E-003
   1.2670405710547812E-003
   1.2635104209146758E-003
   1.2598625453602355E-003
   1.2571604476518412E-003
   1.2559568950039903E-003
   1.2556364086098069E-003
   1.2544899866302082E-003
   1.2527175580289026E-003
   1.2510666135346308E-003
   1.2473661533217301E-003
   1.2402740207268074E-003
   1.2324795239345011E-003
   1.2264573529154553E-003
   1.2226248415026823E-003
   1.2211922412314893E-003
   1.2229339215789861E-003
   1.2269218946262561E-003
   1.2314155368284895E-003
   1.2367505779443387E-003
   1.2436414841659536E-003
   1.2506991781702011E-003
   1.2568065264926904E-003
   1.2638546677120528E-003
   1.2746004999899874E-003
   1.2885144871433963E-003
   1.3042664236356991E-003
   1.3209183667953538E-003
   1.3355653865153732E-003
   1.3501645219369980E-003
   1.3681552029123892E-003
   1.3895563681176519E-003
   1.4191545765891247E-003
   1.4019843594715014E-003
   1.3973548772319342E-003
   1.3964580105971112E-003
   1.3965290676825838E-003
   1.3958641831226292E-003
   1.3977049304823581E-003
   1.4100104340587115E-003
   1.4561986313732303E-003
   1.4378172589096269E-003
   1.4156405656050215E-003
   1.4041535698053782E-003
   1.3942914682651296E-003
   1.3847394317723068E-003
   1.3759380742398050E-003
   1.3697970979732706E-003
   1.3670048241077089E-003
   1.3529876807917228E-003
   1.3421721133057881E-003
   1.3385361225838493E-003
   1.3351431815620148E-003
   1.3326873304576078E-003
   1.3307549852306939E-003
   1.3298057814907301E-003
   1.3293506807534302E-003
   1.3289840789161220E-003
   1.3306176848457989E-003
   1.3346279773595198E-003
   1.3407301271802130E-003
   1.3519882014785274E-003
   1.3835550584841178E-003
   1.3879979175093963E-003
   1.3723883758932685E-003
   1.3676131426523044E-003
   1.3678997011840092E-003
   1.3710778080169778E-003
   1.3714889682491529E-003
   1.3740816094794056E-003
   1.3795905634046007E-003
   1.3847715095713954E-003
   1.3900652843662740E-003
   1.3957986061636971E-003
   1.3977954729976023E-003
   1.4056025976370021E-003
   1.4123209056390207E-003
   1.4202537258211064E-003
   1.4305874724028762E-003
   1.4409588394665622E-003
   1.4504289606629764E-003
   1.4585802925912224E-003
   1.4657594151443426E-003
   1.4722049751365520E-003
   1.4799270964416080E-003
   1.4875556154303076E-003
   1.4946170268071357E-003
   1.5013693256165951E-003
   1.5086009459822842E-003
   1.5093122243920651E-003
   1.5155627858427598E-003
   1.5210010237346307E-003
   1.5255702104421296E-003
   1.5296440244481832E-003
   1.5346447942158586E-003
   1.5402191975607273E-003
   1.5457662613088910E-003
   1.5512418863234633E-003
   1.5537570909685567E-003
   1.5546144304738542E-003
   1.5569498218851250E-003
   1.5596213227878166E-003
   1.5610139851010626E-003
   1.5613427307273687E-003
   1.5605498249798122E-003
   1.5592144004743123E-003
   1.5578348486282216E-003
   1.5551046665690385E-003
   1.5515866041373068E-003
   1.5481602821019753E-003
   1.5437031774436598E-003
   1.5386525068775011E-003
   1.5328478105794928E-003
   1.5244959279847247E-003
   1.5152579371983709E-003
   1.5069574858324116E-003
   1.4993717718210632E-003
   1.4924248317013207E-003
   1.4871535188367758E-003
   1.4904835090771731E-003
   1.4883204053304001E-003
   1.4918228039629531E-003
   1.4717428139343965E-003
   1.4554641336727320E-003
   1.4435555271242336E-003
   1.4328735011118205E-003
   1.4235680029065579E-003
   1.4169764315058856E-003
   1.4122231078014327E-003
   1.4095661555729297E-003
   1.4146519283697774E-003
   1.4506363471694568E-003
   1.4421829090884347E-003
   1.4140176920516166E-003
   1.4054236961256262E-003
   1.3998552430913250E-003
   1.3957713018779216E-003
   1.3938554027759069E-003
   1.3870061987719150E-003
   1.3802922036921608E-003
   1.3845666937307576E-003
   1.3879419327511998E-003
   1.3888860085223445E-003
   1.3904521621066434E-003
   1.3937992136197174E-003
   1.3959203351590443E-003
   1.3970958682068663E-003
   1.3992508862824516E-003
   1.4028857777317345E-003
   1.4036585684266787E-003
   1.4037573857692155E-003
   1.4049206995411735E-003
   1.4065312806490959E-003
   1.4074170348360076E-003
   1.4084328925206542E-003
   1.4101094392253370E-003
   1.4109804979649532E-003
   1.4116292317558846E-003
   1.4143844516244781E-003
   1.4142482108761053E-003
   1.4117174939255303E-003
   1.4151542403410787E-003
   1.4178582106276151E-003
   1.4201162960271875E-003
   1.4200709695088264E-003
   1.4177518907705466E-003
   1.4196780558288766E-003
   1.4210013949001502E-003
   1.4218894526568993E-003
   1.4229073502317478E-003
   1.4238289096538824E-003
   1.4243063264917615E-003
   1.4249546707029539E-003
   1.4265632174854663E-003
   1.4286974476195962E-003
   1.4306781271870347E-003
   1.4329155748768964E-003
   1.4363677632833461E-003
   1.4411850715682164E-003
   1.4460310189926718E-003
   1.4464956643815714E-003
   1.4531263805009776E-003
   1.4604379860930401E-003
   1.4692157627159352E-003
   1.4801797274658890E-003
   1.4920707050481658E-003
   1.5030416258033676E-003
   1.5131501186006707E-003
   1.5228168751796529E-003
   1.5330949465423131E-003
   1.5439089531821060E-003
   1.5537996220028323E-003
   1.5637725309580869E-003
   1.5718730702918497E-003
   1.5772365460397224E-003
   1.5819916838508523E-003
   1.5878847502139499E-003
   1.5954078219505511E-003
   1.6031568949854053E-003
   1.6105577868215449E-003
   1.6181773348983425E-003
   1.6256547413183811E-003
   1.6324387624037907E-003
   1.6376416629291543E-003
   1.6427071144472106E-003
   1.6485727054793701E-003
   1.6577705796475446E-003
   1.6701023286842319E-003
   1.6684799777650706E-003
   1.6790597882461505E-003
   1.6728921259476857E-003
   1.6609547176958260E-003
   1.6554051628732869E-003
   1.6534948256020279E-003
   1.6544115075693715E-003
   1.6540021114368321E-003
   1.6516915409394667E-003
   1.6490219407801568E-003
   1.6464416665736921E-003
   1.6451440057430120E-003
   1.6436574970469750E-003
   1.6461963413236112E-003
   1.6548357274936423E-003
   1.6782889758625288E-003
   1.7567668640909213E-003
   1.7109849988830839E-003
   1.6686304502743520E-003
   1.6504015700646497E-003
   1.6397751222314999E-003
   1.6349778803022236E-003
   1.6295768789707135E-003
   1.6073208947247188E-003
   1.6068519974456014E-003
   1.6076954166168464E-003
   1.6091305779048931E-003
   1.6129589703531872E-003
   1.6195532115272754E-003
   1.6261106333481210E-003
   1.6324870867291564E-003
   1.6411717647398523E-003
   1.6607438334409065E-003
   1.6678568245080962E-003
   1.6566243042470121E-003
   1.6523595467597203E-003
   1.6494083728554735E-003
   1.6460323593272431E-003
   1.6451207916481810E-003
   1.6420912220520675E-003
   1.6346120687957097E-003
   1.6366137096197892E-003
   1.6371368178013965E-003
   1.6381234021969823E-003
   1.6405234682461943E-003
   1.6418514362916980E-003
   1.6439616778217950E-003
   1.6483385407524353E-003
   1.6501055992058874E-003
   1.6520064916799900E-003
   1.6541861983878877E-003
   1.6551857122645312E-003
   1.6576893837275970E-003
   1.6595539338014433E-003
   1.6603784205724862E-003
   1.6617748913459874E-003
   1.6628817343682469E-003
   1.6625451934999518E-003
   1.6622160510326347E-003
   1.6614862931580675E-003
   1.6589748842060098E-003
   1.6564730117832483E-003
   1.6539818087822225E-003
   1.6522595694582344E-003
   1.6504313726136840E-003
   1.6484594592949100E-003
   1.6472873760238667E-003
   1.6453170629891700E-003
   1.6423759525842996E-003
   1.6405763272059235E-003
   1.6392440165664739E-003
   1.6378493353953595E-003
   1.6362487802384685E-003
   1.6341995075528093E-003
   1.6303749288806269E-003
   1.6262744293562901E-003
   1.6245232426425333E-003
   1.6247202308503916E-003
   1.6238957381385414E-003
   1.6208819605950215E-003
   1.6175794055480911E-003
   1.6152412458183742E-003
   1.6125843000633151E-003
   1.6105617551627619E-003
   1.6078654809707907E-003
   1.6030473075054443E-003
   1.5975790851404793E-003
   1.5929399424230687E-003
   1.5904490884938052E-003
   1.5869552733809326E-003
   1.5822450281449828E-003
   1.5834269124899091E-003
   1.5895885734191427E-003
   1.6136985606747339E-003
   1.7134693166530922E-003
   1.6096207355185755E-003
   1.5564340846604694E-003
   1.5251864032359268E-003
   1.5025024306078408E-003
   1.4887042486655335E-003
   1.4811548174933898E-003
   1.4778844997935150E-003
   1.4754703178644487E-003
   1.4762644749657804E-003
   1.4814367624211809E-003
   1.4949126382349253E-003
   1.4819742439811654E-003
   1.4798133400622758E-003
   1.4817512425925887E-003
   1.4846166353514154E-003
   1.4875189305773619E-003
   1.4912270879133885E-003
   1.4956426550029555E-003
   1.5018886978697122E-003
   1.5077055698497620E-003
   1.5059267354032930E-003
   1.5106832234732014E-003
   1.5155581544896704E-003
   1.5190078989704447E-003
   1.5216258842667097E-003
   1.5239075334882218E-003
   1.5261093535528546E-003
   1.5290961520468013E-003
   1.5316003620194610E-003
   1.5336919323463353E-003
   1.5355362480660160E-003
   1.5376585152254074E-003
   1.5420816215673424E-003
   1.5540488710144155E-003
   1.6041799918541488E-003
   1.5948625322656765E-003
   1.5562702394545174E-003
   1.5369194934198825E-003
   1.5244058841995228E-003
   1.5179838877250049E-003
   1.5139647839156514E-003
   1.5129762357486683E-003
   1.5137994507821878E-003
   1.5163530028128069E-003
   1.5181272914498304E-003
   1.5190657489254800E-003
   1.5208394112944275E-003
   1.5246387560195129E-003
   1.5316096044234277E-003
   1.5400450185103791E-003
   1.5476148248243509E-003
   1.5546955780643098E-003
   1.5628396756822804E-003
   1.5729775856807701E-003
   1.5836028739583386E-003
   1.5932984924397324E-003
   1.5879293570365295E-003
   1.5931627137937994E-003
   1.6004462603329093E-003
   1.6091849825766314E-003
   1.6172174702962488E-003
   1.6215544606614034E-003
   1.6244500820141758E-003
   1.6262631872623139E-003
   1.6260377875620428E-003
   1.6249260106882641E-003
   1.6253365647351926E-003
   1.6267139174603563E-003
   1.6263058322332725E-003
   1.6257833574154043E-003
   1.6266824040550047E-003
   1.6275598560291902E-003
   1.6271152589473353E-003
   1.6275839552512556E-003
   1.6308323359835641E-003
   1.6350465901694019E-003
   1.6389785915872630E-003
   1.6440006629033536E-003
   1.6503403581360468E-003
   1.6558401093952765E-003
   1.6619233665968694E-003
   1.6691965139204240E-003
   1.6754202003362016E-003
   1.6805346318997955E-003
   1.6839748681363666E-003
   1.6864619802471786E-003
   1.6894975941555649E-003
   1.6937372564526736E-003
   1.6997726356575088E-003
   1.7061273994234359E-003
   1.7114305288495513E-003
   1.7205253091134476E-003
   1.7511308863104647E-003
   1.7755596165908445E-003
   1.7523442024942246E-003
   1.7866980388656388E-003
   1.8054351897774800E-003
   1.7546595045231069E-003
   1.7314262599961222E-003
   1.7138626076565390E-003
   1.6995436707376911E-003
   1.6852402821093048E-003
   1.6751479873390992E-003
   1.6659519250071270E-003
   1.6576215320578088E-003
   1.6481873913442178E-003
   1.6451617091741452E-003
   1.6810357668384489E-003
   1.7363174549309939E-003
   1.6449872250996664E-003
   1.6040624716359682E-003
   1.5714934993651193E-003
   1.5423960936483472E-003
   1.5187648865037985E-003
   1.4998418326749245E-003
   1.4832280103153014E-003
   1.4700433924184175E-003
   1.4341279829033556E-003
   1.4225870951995808E-003
   1.4130649853654202E-003
   1.4050696682389406E-003
   1.3987699857167600E-003
   1.3932590373333486E-003
   1.3876230358406821E-003
   1.3837681072773331E-003
   1.3829058746237949E-003
   1.3860339968092281E-003
   1.4027399320607513E-003
   1.3918199585034102E-003
   1.3725879882319303E-003
   1.3690499810412929E-003
   1.3677520605202367E-003
   1.3666294110735448E-003
   1.3667300153018716E-003
   1.3665974253039581E-003
   1.3660749300127518E-003
   1.3667176987491269E-003
   1.3670593741133476E-003
   1.3669169698464381E-003
   1.3670950936780742E-003
   1.3677707528943950E-003
   1.3682734903640941E-003
   1.3693939655447652E-003
   1.3720424171415259E-003
   1.3765743897943446E-003
   1.3815170049260087E-003
   1.3857594498185844E-003
   1.3906131527444457E-003
   1.3953615659327123E-003
   1.3987745061234862E-003
   1.4017961289501059E-003
   1.4050607635512746E-003
   1.4106553816747554E-003
   1.4162978260478141E-003
   1.4006735594266518E-003
   1.4044617945654398E-003
   1.4075486325944204E-003
   1.4105096056278065E-003
   1.4139919141562948E-003
   1.4179232271143748E-003
   1.4231386591246308E-003
   1.4275912397883202E-003
   1.4312644205971225E-003
   1.4358739141793516E-003
   1.4412448764897837E-003
   1.4464476720470476E-003
   1.4514842133750610E-003
   1.4579144350933555E-003
   1.4653715832249139E-003
   1.4711351790148706E-003
   1.4762453796695251E-003
   1.4824582521131664E-003
   1.4895372740745538E-003
   1.4969815114341466E-003
   1.5027790670398698E-003
   1.5067967732646252E-003
   1.5103688614392021E-003
   1.5143855312449652E-003
   1.5179073168597652E-003
   1.5211375859799858E-003
   1.5244189551867071E-003
   1.5281266477685373E-003
   1.5372196510863559E-003
   1.5676650748116807E-003
   1.5665504592538093E-003
   1.5531088600738924E-003
   1.5596590443274743E-003
   1.5416887360001155E-003
   1.5325012070693991E-003
   1.5283217176026767E-003
   1.5247679519254994E-003
   1.5215291847718163E-003
   1.5204215185785576E-003
   1.5202843632943365E-003
   1.5216731181958731E-003
   1.5252086936893546E-003
   1.5295015314820801E-003
   1.5348051528431971E-003
   1.5409571315407819E-003
   1.5482424597302198E-003
   1.5559342868900015E-003
   1.5653742596115773E-003
   1.5818576644435272E-003
   1.5901682739510152E-003
   1.5857199807742489E-003
   1.5851628223096294E-003
   1.5865678474295114E-003
   1.5889525953753350E-003
   1.5937295865988085E-003
   1.5959634103913879E-003
   1.5964877163831435E-003
   1.6007713193622931E-003
   1.6157880962720439E-003
   1.6137756592533746E-003
   1.6084004252029265E-003
   1.6088451832128321E-003
   1.6093541752739227E-003
   1.6108193540692807E-003
   1.6143977313900213E-003
   1.6165603281339072E-003
   1.6156723674299659E-003
   1.6135692383082195E-003
   1.6104977919539872E-003
   1.6092491574251023E-003
   1.6036761867948568E-003
   1.6052005701453170E-003
   1.6073927734743634E-003
   1.6030883651394720E-003
   1.5998699766023713E-003
   1.5988309344973353E-003
   1.5990751705511840E-003
   1.5998241130097506E-003
   1.5983442085107547E-003
   1.5953189519861844E-003
   1.5917876132641186E-003
   1.5877874765468697E-003
   1.5852484732163095E-003
   1.5832953298959714E-003
   1.5822809371441610E-003
   1.5825042918577446E-003
   1.5820934001710811E-003
   1.5805096582633580E-003
   1.5784834231625312E-003
   1.5771684520750680E-003
   1.5681104021509221E-003
   1.5668210486710469E-003
   1.5653397526637746E-003
   1.5626854963989786E-003
   1.5606969991329215E-003
   1.5607274202481078E-003
   1.5619383796876957E-003
   1.5633310511073385E-003
   1.5639955759528632E-003
   1.5649956599327142E-003
   1.5671042567815736E-003
   1.5698609110946684E-003
   1.5707071664882737E-003
   1.5695858473521013E-003
   1.5669708402816865E-003
   1.5647683017146685E-003
   1.5627728996350622E-003
   1.5606235655535783E-003
   1.5587288652204295E-003
   1.5547254812081316E-003
   1.5496803932693582E-003
   1.5458046026716216E-003
   1.5434854314238273E-003
   1.5410998575374280E-003
   1.5389606625860737E-003
   1.5395752851151386E-003
   1.5546701368559144E-003
   1.6219303551996960E-003
   1.5844368393242165E-003
   1.5403455511573750E-003
   1.5180828460063336E-003
   1.5025043785504696E-003
   1.4905313672864857E-003
   1.4831817932896047E-003
   1.4767539407967187E-003
   1.4729054460481459E-003
   1.4702291878733059E-003
   1.4686849571145706E-003
   1.4695342430120846E-003
   1.4748581401096016E-003
   1.4867672179177428E-003
   1.4759168800557766E-003
   1.4710104900898275E-003
   1.4688399264564489E-003
   1.4702023583904979E-003
   1.4739625714516994E-003
   1.4789196517903730E-003
   1.4840942234435831E-003
   1.4869733140887480E-003
   1.4877048106090582E-003
   1.4935987617970508E-003
   1.4984499054686972E-003
   1.5035801522633925E-003
   1.5096489731828294E-003
   1.5154420227438427E-003
   1.5212206562436005E-003
   1.5258158098356487E-003
   1.5304683325352523E-003
   1.5369044672231679E-003
   1.5463925737867637E-003
   1.5691173968046498E-003
   1.6322653458857865E-003
   1.5819847606208775E-003
   1.5645530996930479E-003
   1.5559949969446000E-003
   1.5518806692010919E-003
   1.5522486806353989E-003
   1.5533219573769523E-003
   1.5558373247508642E-003
   1.5579174032792490E-003
   1.5594630342059337E-003
   1.5594464906280947E-003
   1.5581814745052633E-003
   1.5582714515068516E-003
   1.5601145529584198E-003
   1.5640036106361773E-003
   1.5690202235393994E-003
   1.5736643549288543E-003
   1.5763762300713092E-003
   1.5771830474452587E-003
   1.5786191228284725E-003
   1.5819610801846705E-003
   1.5874131818187801E-003
   1.5929897543129183E-003
   1.5975807861839135E-003
   1.5992748190572599E-003
   1.6016247769546203E-003
   1.6038812428742393E-003
   1.6040085585087662E-003
   1.6028337771283221E-003
   1.6027731426169521E-003
   1.6044754025025395E-003
   1.6085263908843907E-003
   1.6140746906966670E-003
   1.6193657041935262E-003
   1.6223271730907087E-003
   1.6222447860326202E-003
   1.6210787132125959E-003
   1.6221164265002104E-003
   1.6247048984187999E-003
   1.6264585795749836E-003
   1.6280295652223609E-003
   1.6310866031300209E-003
   1.6338595286762565E-003
   1.6360048061281531E-003
   1.6383297937779524E-003
   1.6421245954550997E-003
   1.6474030876662141E-003
   1.6517522970745568E-003
   1.6568772027193226E-003
   1.6638319402836502E-003
   1.6717208099956402E-003
   1.6795355797277671E-003
   1.6867134831816061E-003
   1.6925525532292438E-003
   1.6971224679828056E-003
   1.7022194148716148E-003
   1.7086523856137809E-003
   1.7155508897879256E-003
   1.7206138106322373E-003
   1.7263665323695330E-003
   1.7497298956520300E-003
   1.7593869128757853E-003
   1.7794028050932317E-003
   1.8914068565792288E-003
   1.7942380544952547E-003
   1.7365522253740028E-003
   1.7002671007932822E-003
   1.6737331037043740E-003
   1.6552168752669203E-003
   1.6398444533415968E-003
   1.6290925540743653E-003
   1.6188014103782537E-003
   1.6107711112701246E-003
   1.6031285244913582E-003
   1.5969054894621536E-003
   1.6054240621632652E-003
   1.6830173808317882E-003
   1.6179481225187312E-003
   1.5751154047617213E-003
   1.5489789344808377E-003
   1.5282952975132556E-003
   1.5129489329664811E-003
   1.5009317579959324E-003
   1.4926325105992214E-003
   1.4851801844561765E-003
   1.4801737899216099E-003
   1.4763683156614579E-003
   1.4448382257917607E-003
   1.4456172227404554E-003
   1.4473091354176403E-003
   1.4492188802258347E-003
   1.4508351228508752E-003
   1.4538518047790378E-003
   1.4587123417503071E-003
   1.4635603726225422E-003
   1.4672084958886568E-003
   1.4706614454557943E-003
   1.4784878627806231E-003
   1.5077704013494891E-003
   1.5187376358556067E-003
   1.4910027416140509E-003
   1.4814177126073198E-003
   1.4753686500088338E-003
   1.4692341591309760E-003
   1.4638971132257040E-003
   1.4608187886154340E-003
   1.4580995595121114E-003
   1.4566033910388564E-003
   1.4571004778832640E-003
   1.4576895365410957E-003
   1.4596076595796989E-003
   1.4633660324104695E-003
   1.4675088711487343E-003
   1.4714057966480200E-003
   1.4753146942786846E-003
   1.4789688981668883E-003
   1.4834502581540585E-003
   1.4893985355407295E-003
   1.4989286993247922E-003
   1.4913270481185302E-003
   1.4885185247946659E-003
   1.4956904140760200E-003
   1.5030898093596197E-003
   1.5119008982110999E-003
   1.5199761152946091E-003
   1.5259506370676060E-003
   1.5296002083656846E-003
   1.5305217408902111E-003
   1.5311497695250540E-003
   1.5322254723213887E-003
   1.5335527793673613E-003
   1.5349220611649917E-003
   1.5355515579951115E-003
   1.5368349559340489E-003
   1.5401233367122074E-003
   1.5447357808740937E-003
   1.5493027981394833E-003
   1.5532525654588739E-003
   1.5573761027604265E-003
   1.5621754622415936E-003
   1.5677984353265327E-003
   1.5727913060845477E-003
   1.5752160130594248E-003
   1.5755238896888364E-003
   1.5763821660531886E-003
   1.5783860586775827E-003
   1.5798026668841431E-003
   1.5799294285223416E-003
   1.5788688628633901E-003
   1.5765492721961591E-003
   1.5747797561609647E-003
   1.5750020679114038E-003
   1.5779178884033434E-003
   1.5835334361094858E-003
   1.5942497206348776E-003
   1.6271605208439458E-003
   1.6915379491062319E-003
   1.6406098115703714E-003
   1.6159562523915209E-003
   1.6055807943946602E-003
   1.6047250193560638E-003
   1.5974531985472986E-003
   1.5873597829128294E-003
   1.5819265207125399E-003
   1.5784601585483379E-003
   1.5770854918260701E-003
   1.5780764802048573E-003
   1.5816255783290306E-003
   1.5834154240611314E-003
   1.5833156057468766E-003
   1.5828629006696482E-003
   1.5817738265546948E-003
   1.5813640844272283E-003
   1.5838198889954716E-003
   1.5915456818983724E-003
   1.5914458453619236E-003
   1.5791052705570294E-003
   1.5716206146104430E-003
   1.5666238626358359E-003
   1.5635535643047480E-003
   1.5612917927476549E-003
   1.5587712777059436E-003
   1.5578629970829318E-003
   1.5575820038479687E-003
   1.5699624124423234E-003
   1.5861219049836943E-003
   1.5649428532417578E-003
   1.5522360389253335E-003
   1.5465963536658654E-003
   1.5429053094851073E-003
   1.5387592932876318E-003
   1.5342724164679156E-003
   1.5291496822012792E-003
   1.5175878681673804E-003
   1.5127557604850063E-003
   1.5083572310680890E-003
   1.5040222805036238E-003
   1.5004558177184682E-003
   1.4965740528628366E-003
   1.4932020262260002E-003
   1.4829191963256446E-003
   1.4775148070127031E-003
   1.4724260128536196E-003
   1.4673997124987600E-003
   1.4611641034656610E-003
   1.4543569772936769E-003
   1.4481759893937153E-003
   1.4419540617463082E-003
   1.4360522716626212E-003
   1.4312952597964749E-003
   1.4272100647707033E-003
   1.4222928515600173E-003
   1.4174908810796517E-003
   1.4135606526013266E-003
   1.4105387358459033E-003
   1.4114996365335595E-003
   1.4068579206485349E-003
   1.3940179068977182E-003
   1.3943502784092396E-003
   1.3957791298064139E-003
   1.3993416314099743E-003
   1.4042461182955876E-003
   1.4091365816849633E-003
   1.4141406950327008E-003
   1.4193844582776232E-003
   1.4246409373325636E-003
   1.4297403638722139E-003
   1.4350157524327535E-003
   1.4396644236642068E-003
   1.4424256667380472E-003
   1.4445667724048599E-003
   1.4476524423466645E-003
   1.4507026320456525E-003
   1.4534190922417315E-003
   1.4559520926823507E-003
   1.4576444695514799E-003
   1.4591875451466570E-003
   1.4609910613362421E-003
   1.4638071061908570E-003
   1.4695743938610397E-003
   1.4811454600069632E-003
   1.5140874775020506E-003
   1.5394330022008805E-003
   1.5010721159771060E-003
   1.4893395700834194E-003
   1.4875240871063632E-003
   1.4981791413907460E-003
   1.4975237461467318E-003
   1.4845553870779919E-003
   1.4769993793174859E-003
   1.4704306780868536E-003
   1.4669706512085558E-003
   1.4660942475871667E-003
   1.4648393387111805E-003
   1.4626750826994153E-003
   1.4621309682328451E-003
   1.4662198686918866E-003
   1.4935054922145335E-003
   1.5205296038491353E-003
   1.4771263729458986E-003
   1.4636076753558800E-003
   1.4559449705115763E-003
   1.4508668206430137E-003
   1.4481968722116561E-003
   1.4497557321754232E-003
   1.4354837435394360E-003
   1.4296073769828630E-003
   1.4339972380318700E-003
   1.4380779185430932E-003
   1.4430130971856900E-003
   1.4505336002564382E-003
   1.4605152104518369E-003
   1.4845942903193535E-003
   1.4901709241898855E-003
   1.4732905137560567E-003
   1.4652588300972061E-003
   1.4610180033123286E-003
   1.4591250867643367E-003
   1.4597721800172232E-003
   1.4611998516423955E-003
   1.4620890882814891E-003
   1.4622791028505401E-003
   1.4632746791726026E-003
   1.4656456763857382E-003
   1.4670849737766034E-003
   1.4686018673505509E-003
   1.4713758363168602E-003
   1.4747068072570016E-003
   1.4772440700386944E-003
   1.4792125421155264E-003
   1.4821652239946962E-003
   1.4854447281874479E-003
