   1.7304136136449273E-002
   6.1865192486188058E-003
   5.8685626233469504E-003
   7.1201681484771417E-003
   7.4006261567451451E-003
   7.8143500347563049E-003
   8.6911991174019269E-003
   9.3521576946214886E-003
   9.7598500804851364E-003
   1.0208219643807540E-002
   1.0589798397136438E-002
   1.0795048793658892E-002
   1.0860317857340124E-002
   1.0919662678776872E-002
   1.0922319312643281E-002
   1.0882419866922869E-002
   1.0837977810424955E-002
   1.0784712024542611E-002
   1.0697911417544798E-002
   1.0581849815678265E-002
   1.0444717924509473E-002
   1.0288547232276778E-002
   1.0125349506080969E-002
   9.9557347783582727E-003
   9.8122748100314388E-003
   9.6896715033924601E-003
   9.6429050603067182E-003
   9.4095329786863940E-003
   8.8483329102791719E-003
   8.6077786940722874E-003
   8.3451087550432523E-003
   7.7450655337501463E-003
   7.1245923609087819E-003
   7.0093708986058234E-003
   7.0160562461881529E-003
   6.9844951930678936E-003
   6.8420304452047609E-003
   6.9574786512640319E-003
   7.5179171117961130E-003
   6.5790055883622744E-003
   6.6191016654783821E-003
   6.6622940697608967E-003
   6.7078139825863300E-003
   6.7446273613775611E-003
   6.7784787341710461E-003
   6.8142638696913711E-003
   6.8492001397958326E-003
   6.8784713902721130E-003
   6.8973575716619832E-003
   6.9117526786924765E-003
   6.9172536493806612E-003
   6.9155772166123860E-003
   6.9032180178112725E-003
   6.8784791430618617E-003
   6.8493571614064485E-003
   6.8097955481016418E-003
   6.7590443010413365E-003
   6.6981429115095621E-003
   6.6322221845355658E-003
   6.5677733489435917E-003
   6.5012592974879237E-003
   6.4321666092863978E-003
   6.3683367608242036E-003
   6.3099484121796725E-003
   6.2585176304169295E-003
   6.2073193520278420E-003
   6.1509668870993687E-003
   6.0809300259009212E-003
   5.9773411840276071E-003
   5.8312383914558953E-003
   5.6554196452305149E-003
   5.4884983580420557E-003
   5.3675686885262617E-003
   5.2981379818366229E-003
   5.2580446745762247E-003
   5.2320614351068408E-003
   5.2107150441938399E-003
   5.1799029315876752E-003
   5.1371068007532994E-003
   5.0867879820963293E-003
   5.0302769237165947E-003
   4.9661053549150168E-003
   4.8957807953238187E-003
   4.8182637507456104E-003
   4.7413570660208492E-003
   4.6747951126642935E-003
   4.6229853625567707E-003
   4.5810081814688401E-003
   4.5532868158076958E-003
   4.5431050333206808E-003
   4.5435653806943730E-003
   4.5493114359761245E-003
   4.5701955276758067E-003
   4.6107516265594855E-003
   4.6716101426197533E-003
   4.7433033781476381E-003
   4.8007861230186313E-003
   4.8432083113719854E-003
   4.8768025413719451E-003
   4.8945610605251964E-003
   4.9093453714895490E-003
   4.9216506638215659E-003
   4.9325554518710934E-003
   4.9651239308148992E-003
   4.9576583817912507E-003
   4.9685616291154748E-003
   4.9922073454598623E-003
   5.0001810734317574E-003
   4.9935186043937319E-003
   4.9956895397215541E-003
   5.0001189982672176E-003
   5.0180751358847560E-003
   5.0431222521195021E-003
   5.0818930265619459E-003
   5.1310855500753148E-003
   5.1843900775564392E-003
   5.2412586867444542E-003
   5.2956222148532591E-003
   5.3450826552749429E-003
   5.3850252720403849E-003
   5.4066216711272782E-003
   5.4046031132512157E-003
   5.3718022163882391E-003
   5.3039994213632561E-003
   5.1993021515371095E-003
   5.0614787876613367E-003
   4.8959093158673023E-003
   4.7052266080034209E-003
   4.4955435817338445E-003
   4.2799308347596758E-003
   4.0749309947444379E-003
   3.8909148608098037E-003
   3.7473208509724437E-003
   3.5759358398219083E-003
   3.4007508162767664E-003
   3.2158005026371797E-003
   3.0653065415419674E-003
   2.9647080397029973E-003
   2.9057472664077142E-003
   2.8690714940624719E-003
   2.8468343976437065E-003
   2.8414639527271804E-003
   2.8555808043869667E-003
   2.8717157405172490E-003
   2.8703847193741507E-003
   2.8540420246025502E-003
   2.8424611267376513E-003
   2.8366050172593566E-003
   2.8286731354660623E-003
   2.8179364860060705E-003
   2.8053694171990824E-003
   2.7909329989544095E-003
   2.7808222627005168E-003
   2.7787860956501004E-003
   2.7769486792529113E-003
   2.7777387635774141E-003
   2.7733310909852692E-003
   2.7670224544481276E-003
   2.7576391225830792E-003
   2.7482630788431975E-003
   2.7415408807012426E-003
   2.7210101847721844E-003
   2.7080262037266849E-003
   2.6965222432239516E-003
   2.6847106192697183E-003
   2.6696433850872127E-003
   2.6518592815846591E-003
   2.6392200998455202E-003
   2.6322280828114269E-003
   2.6286041781219353E-003
   2.6296626643165576E-003
   2.6351992787217709E-003
   2.6355275107241196E-003
   2.6317493488077913E-003
   2.6295909827735568E-003
   2.6326448562659717E-003
   2.6403818228192205E-003
   2.6447760538778034E-003
   2.6518724438324625E-003
   2.6813642151588377E-003
   2.8249032185631976E-003
   2.7218339700012012E-003
   2.6931872842700408E-003
   2.6548545558090701E-003
   2.6175823138062191E-003
   2.5951506626919084E-003
   2.5633797400485998E-003
   2.4459961911238812E-003
   2.4310049141420330E-003
   2.4288364438612591E-003
   2.4293640806325911E-003
   2.4280042089371381E-003
   2.4225865624183740E-003
   2.4175490429090112E-003
   2.4167393832786634E-003
   2.4179429821268952E-003
   2.4198958321258808E-003
   2.4270660909714724E-003
   2.4516878502474186E-003
   2.5132920038310326E-003
   2.4532955702394540E-003
   2.4213377735355971E-003
   2.4028719470850775E-003
   2.3906953473579380E-003
   2.3800552958219696E-003
   2.3656287923548508E-003
   2.3484678991134694E-003
   2.3340739775989001E-003
   2.3231763744063971E-003
   2.3121712249598550E-003
   2.2989119277680536E-003
   2.2855910151184438E-003
   2.2716908036321502E-003
   2.2579346296312496E-003
   2.2447266907135582E-003
   2.2299387103805871E-003
   2.2142019931162896E-003
   2.1959402839509925E-003
   2.1745000073109489E-003
   2.1518034431500439E-003
   2.1304538695895098E-003
   2.1120418606565641E-003
   2.0954594832765915E-003
   2.0810222872465803E-003
   2.0687546182482095E-003
   2.0574296646707229E-003
   2.0476134920423242E-003
   2.0407731976075298E-003
   2.0371902193626057E-003
   2.0354147935177798E-003
   2.0342116276994972E-003
   2.0322233976232591E-003
   2.0304015077256430E-003
   2.0316523232435332E-003
   2.0364195922306047E-003
   2.0445790882301722E-003
   2.0559277039084922E-003
   2.0683889180944750E-003
   2.0822404385849730E-003
   2.0966594617055369E-003
   2.1186283100886735E-003
   2.1661399002368929E-003
   2.1605058538945432E-003
   2.1624120513706914E-003
   2.1703030908417952E-003
   2.1841835385332988E-003
   2.1983873375239003E-003
   2.2150375145131114E-003
   2.2337972999416371E-003
   2.2579768616601318E-003
   2.2855173156991941E-003
   2.3096440213203552E-003
   2.3211458467590059E-003
   2.3334968490440235E-003
   2.3542841574935515E-003
   2.3811121501316652E-003
   2.3995905801519626E-003
   2.4008247390134734E-003
   2.3931297177191501E-003
   2.3839511871434982E-003
   2.3799053317746753E-003
   2.3905773457574037E-003
   2.3916389278727588E-003
   2.3931515036180687E-003
   2.3879430077341723E-003
   2.3814416671047328E-003
   2.3870966767244777E-003
   2.3704680835887268E-003
   2.3751026078892888E-003
   2.3707638450344683E-003
   2.3641183815557333E-003
   2.3610905867051542E-003
   2.3622681883637207E-003
   2.3723163167155229E-003
   2.3830657864212994E-003
   2.3825462858354496E-003
   2.3748343408900707E-003
   2.3723107383787204E-003
   2.3776683926361179E-003
   2.3827231880025560E-003
   2.3870565540688241E-003
   2.3859186392592869E-003
   2.3849055199642540E-003
   2.3852186551464485E-003
   2.3885776844439093E-003
   2.3960317124308910E-003
   2.4106423892355333E-003
   2.4136022239016537E-003
   2.4003875739566686E-003
   2.4007318382306638E-003
   2.4046212331388147E-003
   2.4074435768130990E-003
   2.4062063158722569E-003
   2.3979209759385444E-003
   2.3901937320007964E-003
   2.3894887650147334E-003
   2.4037430776505057E-003
   2.3871219800107430E-003
   2.3591096575677284E-003
   2.3488280820910096E-003
   2.3459644829383246E-003
   2.3422602813876021E-003
   2.3344851573476140E-003
   2.3206414465581937E-003
   2.3058454489148033E-003
   2.2960668803239607E-003
   2.2918436930434382E-003
   2.2879948605020791E-003
   2.2789187819549587E-003
   2.2712359508406986E-003
   2.2664112863771241E-003
   2.2635181933586650E-003
   2.2613424394097069E-003
   2.2579194542485031E-003
   2.2556738816399500E-003
   2.2530549006275166E-003
   2.2526075770099240E-003
   2.2528332368043371E-003
   2.2510496228380279E-003
   2.2502355508083939E-003
   2.2500315270246357E-003
   2.2511860477567982E-003
   2.2534331052555491E-003
   2.2548756013027580E-003
   2.2585281496154052E-003
   2.2624635005210085E-003
   2.2639309917925391E-003
   2.2627941478585768E-003
   2.2601793114179710E-003
   2.2620049099320999E-003
   2.2735370515377701E-003
   2.3136883359565724E-003
   2.3159334133838159E-003
   2.2709853677496013E-003
   2.2505692939273425E-003
   2.2371692173044776E-003
   2.2269520562969288E-003
   2.2161979617051795E-003
   2.2058859474595963E-003
   2.1960651534654691E-003
   2.1859317064930593E-003
   2.1770904826623567E-003
   2.1675303757680933E-003
   2.1556124803093252E-003
   2.1446885777009592E-003
   2.1338932544729228E-003
   2.1251940307455189E-003
   2.1184543666223086E-003
   2.1129621640357181E-003
   2.1077790022701209E-003
   2.1019782674082926E-003
   2.0953693808578389E-003
   2.0867311224990180E-003
   2.0777592596861187E-003
   2.0697926980912940E-003
   2.0625187060306833E-003
   2.0549401771025773E-003
   2.0434632251946504E-003
   2.0327480502761752E-003
   2.0047428069515363E-003
   1.9973109344127867E-003
   1.9926200046470094E-003
   1.9874698545876597E-003
   1.9799266339859132E-003
   1.9750239609229972E-003
   1.9741929985407037E-003
   1.9736591952003416E-003
   1.9740687455569680E-003
   1.9822457900907698E-003
   2.0107259988046237E-003
   1.9688698503870666E-003
   1.9494804174899779E-003
   1.9410103515566410E-003
   1.9378561961570862E-003
   1.9341425130660244E-003
   1.9286489284110998E-003
   1.9237646521014415E-003
   1.9203613761721587E-003
   1.9178560394133954E-003
   1.9153322523986942E-003
   1.9132715265724263E-003
   1.9171048655362518E-003
   1.9387182485325538E-003
   1.9205236373357822E-003
   1.9121241955826686E-003
   1.9087933408739421E-003
   1.9131074775150564E-003
   1.9022927728229869E-003
   1.8821762564462589E-003
   1.8698188728554852E-003
   1.8632742263782721E-003
   1.8593534667510777E-003
   1.8586363777632500E-003
   1.8517870040870139E-003
   1.8536713045661948E-003
   1.8577737347592639E-003
   1.8615232662210722E-003
   1.8716349638492977E-003
   1.8853749934934691E-003
   1.9015292516311984E-003
   1.9174984697433197E-003
   1.9316050336983723E-003
   1.9418226466037056E-003
   1.9525848329048601E-003
   1.9669325520530064E-003
   1.9834474267393970E-003
   1.9989014938034903E-003
   2.0113378369199081E-003
   2.0236201822416934E-003
   2.0372403028192931E-003
   2.0515792169341651E-003
   2.0721691854709793E-003
   2.1245938587855389E-003
   2.1317591669468157E-003
   2.0859232300565740E-003
   2.0658896205402099E-003
   2.0510315793835967E-003
   2.0383876558234680E-003
   2.0268629497890746E-003
   2.0140153644277580E-003
   2.0015433552290694E-003
   1.9912487494676170E-003
   1.9809402891360940E-003
   1.9686911752704967E-003
   1.9552630389484439E-003
   1.9411166111482307E-003
   1.9280858317485571E-003
   1.9154759416253422E-003
   1.9022878111404273E-003
   1.8878727437837849E-003
   1.8750208933726786E-003
   1.8658158281208025E-003
   1.8586542634603457E-003
   1.8530156703994766E-003
   1.8471280252013659E-003
   1.8410799809386710E-003
   1.8366432216290020E-003
   1.8356344403345454E-003
   1.8392703116551009E-003
   1.8448709462611861E-003
   1.8513794289140247E-003
   1.8588003420561422E-003
   1.8667731356008736E-003
   1.8752751923650256E-003
   1.8827516795093897E-003
   1.8809364572018592E-003
   1.8895203212817796E-003
   1.8974990622677487E-003
   1.9067502583537436E-003
   1.9163602074772888E-003
   1.9228842847117814E-003
   1.9285346914566588E-003
   1.9345027634047000E-003
   1.9388443772785111E-003
   1.9420863270642017E-003
   1.9446073398897677E-003
   1.9466246286171944E-003
   1.9470321179691258E-003
   1.9467318182185890E-003
   1.9475236627467193E-003
   1.9469987693602720E-003
   1.9447884843025393E-003
   1.9428029778212519E-003
   1.9384071114289371E-003
   1.9351411381276942E-003
   1.9488398912497534E-003
   1.9514783467711641E-003
   1.9357843014705322E-003
   1.9400553487101515E-003
   1.9112685676355107E-003
   1.8906691514124030E-003
   1.8744166616636144E-003
   1.8606220733471761E-003
   1.8480777120998054E-003
   1.8363457830037747E-003
   1.8241633106722080E-003
   1.8109665059762904E-003
   1.7973313881208021E-003
   1.7859117829970839E-003
   1.7766088895256381E-003
   1.7686015064013777E-003
   1.7613517020399090E-003
   1.7546182463494817E-003
   1.7490500486924635E-003
   1.7531413496380867E-003
   1.8124206758537186E-003
   1.7558051999560808E-003
   1.7209729577185606E-003
   1.7004833566739274E-003
   1.6845806697516437E-003
   1.6724237133945701E-003
   1.6655531511699214E-003
   1.6615346070992449E-003
   1.6583916065385268E-003
   1.6562889046773410E-003
   1.6650673535243364E-003
   1.6854032344482664E-003
   1.6525588757372749E-003
   1.6289351043465904E-003
   1.6183737507788373E-003
   1.6150711386351956E-003
   1.6135092916570123E-003
   1.6117031383671113E-003
   1.6121389553595223E-003
   1.6136503492932570E-003
   1.6155180839858097E-003
   1.6161189554895104E-003
   1.6153490276022229E-003
   1.6148574406843177E-003
   1.6179274088190486E-003
   1.6215750099496434E-003
   1.6219830398423035E-003
   1.6245945430467112E-003
   1.6295490476875519E-003
   1.6359594339306715E-003
   1.6433716035544272E-003
   1.6509592776771469E-003
   1.6583695113102179E-003
   1.6656365513141951E-003
   1.6729879350192963E-003
   1.6807849177900903E-003
   1.6907841264526549E-003
   1.7012918373462207E-003
   1.7089802516985042E-003
   1.7140822229760545E-003
   1.7208511176352408E-003
   1.7325558049653155E-003
   1.7233321379253601E-003
   1.7290347179607145E-003
   1.7362474303787851E-003
   1.7412993624221407E-003
   1.7454198374127698E-003
   1.7502478536633099E-003
   1.7553475149726203E-003
   1.7591924629316964E-003
   1.7605898189811179E-003
   1.7588934823646459E-003
   1.7565260872067041E-003
   1.7551699207870373E-003
   1.7532257520994185E-003
   1.7504175983466209E-003
   1.7458745777948423E-003
   1.7386158539511247E-003
   1.7295836704050082E-003
   1.7208330607196157E-003
   1.7125481204317802E-003
   1.7041765791491622E-003
   1.6960928740307924E-003
   1.6876528740526985E-003
   1.6785093267776285E-003
   1.6694058636051393E-003
   1.6613705525543457E-003
   1.6559098033145495E-003
   1.6561852127501705E-003
   1.6679404353269816E-003
   1.6491146991717538E-003
   1.6441914482635161E-003
   1.6760068687997915E-003
   1.6601282083780434E-003
   1.6242488724117629E-003
   1.6081131453888620E-003
   1.5984371399977121E-003
   1.5936219414032166E-003
   1.5913204062301860E-003
   1.5916945125723644E-003
   1.5958720171926942E-003
   1.6007317953246668E-003
   1.6056336847490155E-003
   1.6107965027937008E-003
   1.6171605764629506E-003
   1.6248942284051954E-003
   1.6330298158660753E-003
   1.6427763016371429E-003
   1.6522900651810056E-003
   1.6604020304958802E-003
   1.6680887845053477E-003
   1.6755321798673473E-003
   1.6820358211729067E-003
   1.6879167581247522E-003
   1.6928704906661702E-003
   1.6962697240302999E-003
   1.6989577101583354E-003
   1.7023594712383329E-003
   1.7052321525396002E-003
   1.7082263682835490E-003
   1.7140498955621828E-003
   1.7299658210343540E-003
   1.7497724722939467E-003
   1.7368139142112345E-003
   1.7635329389833992E-003
   1.8253395803122983E-003
   1.7504361694439317E-003
   1.7131897666964990E-003
   1.6956059810635964E-003
   1.6845456751671034E-003
   1.6780392332476359E-003
   1.6718072877318405E-003
   1.6650726125675165E-003
   1.6541374463416318E-003
   1.6487242673320767E-003
   1.6423049852777500E-003
   1.6376002182501305E-003
   1.6326785976298786E-003
   1.6286469020569026E-003
   1.6271197049833994E-003
   1.6267485566052525E-003
   1.6264616153779498E-003
   1.6253097229632265E-003
   1.6232858143808498E-003
   1.6219476561906362E-003
   1.6206738915893039E-003
   1.6201364244498423E-003
   1.6193872064919183E-003
   1.6179479073215356E-003
   1.6167285818313496E-003
   1.6181012161196483E-003
   1.6202631302302197E-003
   1.6223244900932859E-003
   1.6225235547338793E-003
   1.6209499630420773E-003
   1.6171768090556269E-003
   1.6137560279456595E-003
   1.6124025862883802E-003
   1.6111639525507484E-003
   1.6103828097330777E-003
   1.6103169553262681E-003
   1.6106165545723930E-003
   1.6120955969797495E-003
   1.6144760985157753E-003
   1.6161950599758394E-003
   1.6182680254109919E-003
   1.6208949241694470E-003
   1.6227993750228854E-003
   1.6250649159832340E-003
   1.6281896992121864E-003
   1.6313781216888445E-003
   1.6344490650247686E-003
   1.6365352209516393E-003
   1.6388829961427518E-003
   1.6413378149827795E-003
   1.6437495280574959E-003
   1.6467848346644999E-003
   1.6517547755224491E-003
   1.6682967803321254E-003
   1.6685254367161716E-003
   1.6606253999572075E-003
   1.6549071695969389E-003
   1.6522516304133044E-003
   1.6620503144974144E-003
   1.7150005054476735E-003
   1.7897053411922445E-003
   1.6774862446582209E-003
   1.6241752143959941E-003
   1.5886674335446123E-003
   1.5625159759201830E-003
   1.5414297286669557E-003
   1.5247287287995523E-003
   1.5104733707786717E-003
   1.4976306516534742E-003
   1.4866055532434664E-003
   1.4800486957937196E-003
   1.4753917865606690E-003
   1.4733542804127868E-003
   1.4729860545264536E-003
   1.4715756611085992E-003
   1.4683298650181159E-003
   1.4642972097819132E-003
   1.4594521797758658E-003
   1.4554693660402964E-003
   1.4525047192753091E-003
   1.4505235623954891E-003
   1.4498791484249406E-003
   1.4496735287870819E-003
   1.4520262506054747E-003
   1.4647472830682921E-003
   1.5153938881957889E-003
   1.5183517835298697E-003
   1.4808356535830744E-003
   1.4668438548404775E-003
   1.4600823416604663E-003
   1.4653162687242377E-003
   1.4674258545363857E-003
   1.4537082903905017E-003
   1.4492274761993950E-003
   1.4512444667586942E-003
   1.4381169208433373E-003
   1.4091274696612648E-003
   1.4098339026659100E-003
   1.4107704629859243E-003
   1.4112884404498902E-003
   1.4115806481859844E-003
   1.4119403520061620E-003
   1.4120507562052536E-003
   1.4124150122325706E-003
   1.4137348804226836E-003
   1.4153182850854716E-003
   1.4167015235090569E-003
   1.4175744718285675E-003
   1.4183108788061913E-003
   1.4201737757205519E-003
   1.4233510739814995E-003
   1.4271369323975718E-003
   1.4324204078054337E-003
   1.4395153333874690E-003
   1.4471264017882535E-003
   1.4551125600561882E-003
   1.4436522598413710E-003
   1.4363014657371657E-003
   1.4371095375426256E-003
   1.4383929531562771E-003
   1.4398315402491906E-003
   1.4404498927296702E-003
   1.4410688294613030E-003
   1.4412495018882908E-003
   1.4411906664359481E-003
   1.4419038489436266E-003
   1.4436628401945267E-003
   1.4444466880320249E-003
   1.4438990821897927E-003
   1.4438071950904690E-003
   1.4442926582385093E-003
   1.4461449019071743E-003
   1.4483902949674993E-003
   1.4498796703600711E-003
   1.4519396690456977E-003
   1.4551296590928208E-003
   1.4596062102478248E-003
   1.4643791094163733E-003
   1.4690784630300429E-003
   1.4737806736352277E-003
   1.4797757817590141E-003
   1.4865249791536541E-003
   1.4925364261815623E-003
   1.4978497343210262E-003
   1.5035040267522574E-003
   1.5120202883159510E-003
   1.5265954259074883E-003
   1.5602662233526901E-003
   1.5576712920597337E-003
   1.5505863206386919E-003
   1.5505576323910490E-003
   1.5518800396945379E-003
   1.5598480213834629E-003
   1.5701937580487723E-003
   1.5677790942188509E-003
   1.5679149092023650E-003
   1.5695629343082330E-003
   1.5722151610838802E-003
   1.5749726215296296E-003
   1.5765654821588795E-003
   1.5785861864087676E-003
   1.5800981422501204E-003
   1.5801828868572305E-003
   1.5801476673039524E-003
   1.5796185493686518E-003
   1.5787558079635813E-003
   1.5794802027258301E-003
   1.5804515434907148E-003
   1.5849727211375761E-003
   1.6118867187890700E-003
   1.6106198164229321E-003
   1.5853975429186292E-003
   1.5735955291243510E-003
   1.5660151770654530E-003
   1.5575877018163347E-003
   1.5516978461298161E-003
   1.5451791224230450E-003
   1.5389354126897632E-003
   1.5346347793612951E-003
   1.5302204403028223E-003
   1.5268526499802400E-003
   1.5254445380012071E-003
   1.5284843108830653E-003
   1.5421241472268763E-003
   1.5651811836145191E-003
   1.5227900851373100E-003
   1.5055441567153171E-003
   1.4984915475600223E-003
   1.4858124290714301E-003
   1.4763643516286314E-003
   1.4704477429285121E-003
   1.4661486660787558E-003
   1.4585392750075387E-003
   1.4573474739673696E-003
   1.4568912596600002E-003
   1.4541608737456708E-003
   1.4504228261920376E-003
   1.4486486077617496E-003
   1.4484260551181159E-003
   1.4499740579523119E-003
   1.4518948671469975E-003
   1.4536621141740284E-003
   1.4557424441152961E-003
   1.4585986534939777E-003
   1.4613374146665845E-003
   1.4637458544709120E-003
   1.4662337697630382E-003
   1.4674710437970211E-003
   1.4666337942456200E-003
   1.4719884872340834E-003
   1.4789790699838343E-003
   1.4847109233942384E-003
   1.4884385250678830E-003
   1.4931475783188323E-003
   1.4984255306067548E-003
   1.5028425446715189E-003
   1.5070403441818250E-003
   1.5112363000483748E-003
   1.5145694160512476E-003
   1.5158297395381261E-003
   1.5157797810281236E-003
   1.5158661326215672E-003
   1.5158683550855372E-003
   1.5150299263174559E-003
   1.5150249458455651E-003
   1.5166372669570011E-003
   1.5174126830211276E-003
   1.5148022575248944E-003
   1.5094819724856131E-003
   1.5042141025508095E-003
   1.5003937213067680E-003
   1.4976987076595050E-003
   1.4963550404631788E-003
   1.4965372480853791E-003
   1.4976686395346257E-003
   1.4988435546269378E-003
   1.4993026473397600E-003
   1.4984940966499419E-003
   1.4954061807503059E-003
   1.4911205366674287E-003
   1.4889489871786389E-003
   1.4923735158132213E-003
   1.5238178658743312E-003
   1.5764010040333256E-003
   1.4957159078944461E-003
   1.4676061689111349E-003
   1.4522008048030561E-003
   1.4414917742863066E-003
   1.4328110192621032E-003
   1.4231290526099168E-003
   1.4126156984860243E-003
   1.4038421445290181E-003
   1.3983414798804832E-003
   1.3988211110808584E-003
   1.3903536410906348E-003
   1.3880894529941905E-003
   1.3873623571504514E-003
   1.3910880008926368E-003
   1.4058135825485479E-003
   1.4455178201382393E-003
   1.4183991756840952E-003
   1.4051520444679786E-003
   1.4003860361575450E-003
   1.4010107180036676E-003
   1.4054086047010481E-003
   1.4069548631981932E-003
   1.3919814795055807E-003
   1.3997257714763363E-003
   1.4089984757153832E-003
   1.4186224276466139E-003
   1.4280810650761084E-003
   1.4376849800829304E-003
   1.4483138171792029E-003
   1.4599383354890407E-003
   1.4718630985304643E-003
   1.4844625587195387E-003
   1.4981523141439153E-003
   1.5123573030156301E-003
   1.5273313866472566E-003
   1.5406542490073540E-003
   1.5525082790256775E-003
   1.5645315441166555E-003
   1.5793054295693051E-003
   1.6061651762460604E-003
   1.6705764832927587E-003
   1.6338892258885033E-003
   1.6180105055546715E-003
   1.6140293937553073E-003
   1.6133510955676053E-003
   1.6128564729880211E-003
   1.6122371233603604E-003
   1.6105960023245212E-003
   1.6089890890971705E-003
   1.6095718188542693E-003
   1.6081804825350825E-003
   1.6100039585465709E-003
   1.6107847549102941E-003
   1.6105383551925942E-003
   1.6110069953722960E-003
   1.6107082892367008E-003
   1.6095641476560800E-003
   1.6070061585139470E-003
   1.5965698060299652E-003
   1.5964771136412065E-003
   1.5955634671889472E-003
   1.5934651974209625E-003
   1.5904090508863902E-003
   1.5844179867603085E-003
   1.5757072838085838E-003
   1.5651892991482021E-003
   1.5541740007405653E-003
   1.5434220980485754E-003
   1.5333239436683026E-003
   1.5238435006413519E-003
   1.5163856994345143E-003
   1.5116178216916223E-003
   1.5079964084276103E-003
   1.5029672732574111E-003
   1.4943762922201747E-003
   1.4841371258341894E-003
   1.4744029560602829E-003
   1.4657337125656238E-003
   1.4603039185718202E-003
   1.4565202143341967E-003
   1.4518166550127477E-003
   1.4470940032691255E-003
   1.4448296130036850E-003
   1.4455019972239038E-003
   1.4468188336967894E-003
   1.4484227967145452E-003
   1.4522148300419875E-003
   1.4576670504754361E-003
   1.4628015429388496E-003
   1.4678937543992035E-003
   1.4735934080467158E-003
   1.4799791679747664E-003
   1.4874374513534250E-003
   1.4958918225368909E-003
   1.5071873319761925E-003
   1.5278026246167828E-003
   1.5926484059899074E-003
   1.6558589317093855E-003
   1.5609013693582651E-003
   1.5278210574132234E-003
   1.5110227997349153E-003
   1.5039384821391455E-003
   1.5137724360440017E-003
   1.4852666298690008E-003
   1.4697888309306031E-003
   1.4664406948960722E-003
   1.4813827812333450E-003
   1.4539646481985906E-003
   1.4347584353779485E-003
   1.4202408795253782E-003
   1.4049489180550166E-003
   1.3917884857274762E-003
   1.3786930647473627E-003
   1.3656245283606382E-003
   1.3509927232559812E-003
   1.3280096563683388E-003
   1.3164747317360420E-003
   1.3069322245962262E-003
   1.2978289604661073E-003
   1.2888966171171383E-003
   1.2816672614627065E-003
   1.2746643857543538E-003
   1.2679381775420192E-003
   1.2630438490525992E-003
   1.2606699333200142E-003
   1.2593605457045833E-003
   1.2584498671941416E-003
   1.2588032984990373E-003
   1.2610002250954041E-003
   1.2657057435563502E-003
   1.2784460774446847E-003
   1.2967868080841420E-003
   1.2918181581372272E-003
   1.2951386743626136E-003
   1.3009430481948736E-003
   1.3077656291058518E-003
   1.3154343605788277E-003
   1.3235514055745543E-003
   1.3318609928783976E-003
   1.3395445909842722E-003
   1.3500321542214695E-003
   1.3598006884456768E-003
   1.3647406844936455E-003
   1.3720657035733209E-003
   1.3800316391407226E-003
   1.3880480538801020E-003
   1.3959894889579100E-003
   1.4028745609143650E-003
   1.4089727123051496E-003
   1.4148765885214250E-003
   1.4196962610575469E-003
   1.4238933192029111E-003
   1.4286267251805913E-003
   1.4335940878204229E-003
   1.4389571255985574E-003
   1.4440624095636108E-003
   1.4489428703968305E-003
   1.4373583709217878E-003
   1.4411412104811385E-003
   1.4450687037324491E-003
   1.4486957488061020E-003
   1.4522205595009516E-003
   1.4560352552631577E-003
   1.4608069084765317E-003
   1.4663161597369997E-003
   1.4718484639148881E-003
   1.4766509630062827E-003
   1.4808470677466100E-003
   1.4848706027017593E-003
   1.4882382011985763E-003
   1.4907079335218175E-003
   1.4919364451859824E-003
   1.4922477135901097E-003
   1.4925397399400547E-003
   1.4926176850837735E-003
   1.4927878173700553E-003
   1.4930758940583236E-003
   1.4934468060639320E-003
   1.4938920179573367E-003
   1.4933119935295702E-003
   1.4923174517979625E-003
   1.4924024852324732E-003
   1.4938273388408541E-003
   1.5003971299388979E-003
   1.5284992815428051E-003
   1.5991817616773569E-003
   1.5363716816258861E-003
   1.4968367537947715E-003
   1.4753902994524869E-003
   1.4634729440039522E-003
   1.4534233133301601E-003
   1.4282307919297509E-003
   1.4132086244644365E-003
   1.4034309826414808E-003
   1.3944958098823811E-003
   1.3873664163209325E-003
   1.3828371482563864E-003
   1.3854086847338036E-003
   1.4261714648731354E-003
   1.4947897710081899E-003
   1.4051601913788198E-003
   1.3667275345879829E-003
   1.3451515044610729E-003
   1.3339727866221395E-003
   1.3281073088112444E-003
   1.2883119014865307E-003
   1.2752577018423801E-003
   1.2730755100796968E-003
   1.2726998335862707E-003
   1.2735607405425695E-003
   1.2741958437468750E-003
   1.2748365643330103E-003
   1.2761054985568337E-003
   1.2778802477960735E-003
   1.2809716802606090E-003
   1.2848379762527859E-003
   1.2936606701037560E-003
   1.3230892631892574E-003
   1.3509740549315042E-003
   1.3167798960633827E-003
   1.3058936676417477E-003
   1.2981584676856734E-003
   1.2924221706363008E-003
   1.2909705947684569E-003
   1.2898646210228921E-003
   1.2889101819467614E-003
   1.2887797495455592E-003
   1.2855864900742839E-003
   1.2834471368117191E-003
   1.2818565866442989E-003
   1.2803281808400103E-003
   1.2793679572662600E-003
   1.2781469967337886E-003
   1.2764048547750772E-003
   1.2746490581041746E-003
   1.2737675433062254E-003
   1.2693145159821584E-003
   1.2673092390153558E-003
   1.2659536945039971E-003
   1.2645075899345025E-003
   1.2619368959914277E-003
   1.2586514881856067E-003
   1.2561607402619298E-003
   1.2540805206326772E-003
   1.2515135131157488E-003
   1.2485273908297888E-003
   1.2468161456745438E-003
   1.2420605586122156E-003
   1.2288836944486601E-003
   1.2253894605649381E-003
   1.2222066694283580E-003
   1.2211684356183462E-003
   1.2223829422656689E-003
   1.2241965136704938E-003
   1.2270088447625075E-003
   1.2325589803271184E-003
   1.2406780854521120E-003
   1.2500525151544605E-003
   1.2599360696956743E-003
   1.2692720044276122E-003
   1.2772920533833157E-003
   1.2846134245859725E-003
   1.2926646684822921E-003
   1.3007377636018386E-003
   1.3083380600802594E-003
   1.3153689354269381E-003
   1.3229646837664239E-003
   1.3321563213936020E-003
   1.3413286605646246E-003
   1.3510761218895632E-003
   1.3643724021352129E-003
   1.3883569494490152E-003
   1.4518168473475169E-003
   1.4420688812991885E-003
   1.4162885366989252E-003
   1.4132562117823036E-003
   1.4199761300956082E-003
   1.4606058689803695E-003
   1.4518273807015026E-003
   1.4214724286726510E-003
   1.4050137827186083E-003
   1.3934623757064727E-003
   1.3847945124689036E-003
   1.3765067165482810E-003
   1.3702666888565601E-003
   1.3643347697789260E-003
   1.3577667103840437E-003
   1.3518244176885768E-003
   1.3494544497247264E-003
   1.3613752600704430E-003
   1.4106835201839999E-003
   1.3617969832280421E-003
   1.3278128369940761E-003
   1.3088545538827694E-003
   1.2984297754948661E-003
   1.2913815089722780E-003
   1.2662737368714177E-003
   1.2563889385777628E-003
   1.2552607698254879E-003
   1.2538598766129701E-003
   1.2523774943528150E-003
   1.2501695954356250E-003
   1.2469052912246366E-003
   1.2436520060856836E-003
   1.2424506268005858E-003
   1.2431903371309784E-003
   1.2452657281120099E-003
   1.2506291177850214E-003
   1.2653828568827249E-003
   1.3004731771114331E-003
   1.2654750951146716E-003
   1.2491647829161790E-003
   1.2400266282413766E-003
   1.2316324300693103E-003
   1.2227139586176471E-003
   1.2182529531820567E-003
   1.2086571023333422E-003
   1.1850925374652754E-003
   1.1826594463324033E-003
   1.1805915720904175E-003
   1.1782343565082381E-003
   1.1760793582996927E-003
   1.1750039922255812E-003
   1.1743398253530734E-003
   1.1703933176032738E-003
   1.1636324187535821E-003
   1.1649262033097661E-003
   1.1662147163867469E-003
   1.1676329565838853E-003
   1.1692921681713887E-003
   1.1707721338797524E-003
   1.1740741350361528E-003
   1.1699331800384784E-003
   1.1642249038214968E-003
   1.1679515147843399E-003
   1.1703181489030742E-003
   1.1731027483833211E-003
   1.1768124582492332E-003
   1.1809914551621093E-003
   1.1843481023571371E-003
   1.1872503920437221E-003
   1.1911407754575396E-003
   1.1971442529707629E-003
   1.2048361339321220E-003
   1.2116670297558966E-003
   1.2174924567457835E-003
   1.2236216224587846E-003
   1.2303628462004786E-003
   1.2365570132313716E-003
   1.2407793654660179E-003
   1.2451135618591121E-003
   1.2499234061687657E-003
   1.2531174842154197E-003
   1.2555440058387996E-003
   1.2586745766088681E-003
   1.2615380867564802E-003
   1.2630849781658871E-003
   1.2651591888777239E-003
   1.2681177187790942E-003
   1.2707763355304040E-003
   1.2730460966201666E-003
   1.2739311440273901E-003
   1.2737728056884969E-003
   1.2737395231385072E-003
   1.2757483733115578E-003
   1.2800968944902519E-003
   1.2894011716456585E-003
   1.3312870308095756E-003
   1.3430717366679865E-003
   1.3306494906688052E-003
   1.2884922425934701E-003
   1.2710280432180212E-003
   1.2586811031807677E-003
   1.2509331037098589E-003
   1.2468737705033188E-003
   1.2449426119254380E-003
   1.2422991235126527E-003
   1.2404182313625008E-003
   1.2425261583873402E-003
   1.2597905420586729E-003
   1.2473634867778084E-003
   1.2401805708295824E-003
   1.2367871788492902E-003
   1.2348036620008381E-003
   1.2334166060780892E-003
   1.2324725180812692E-003
   1.2336061251724891E-003
   1.2370829693284676E-003
   1.2391545589113926E-003
   1.2245985944767904E-003
   1.2239510979221058E-003
   1.2251145465269476E-003
   1.2275466736374808E-003
   1.2298893079720533E-003
   1.2315506384683217E-003
   1.2332023882613741E-003
   1.2334707931402585E-003
   1.2323959184420191E-003
   1.2317922059267297E-003
   1.2314784551303228E-003
   1.2311217632827115E-003
   1.2313934468404012E-003
   1.2349094632671447E-003
   1.2485995455530977E-003
   1.2805607983835492E-003
   1.2512113181184486E-003
   1.2387910814071639E-003
   1.2328364427392643E-003
   1.2215748904711415E-003
   1.2166206879008796E-003
   1.2140261743116680E-003
   1.2141398913404059E-003
   1.2161658955508671E-003
   1.2186701690631283E-003
   1.2207860874809966E-003
   1.2227023852908598E-003
   1.2230985731598823E-003
   1.2242424709954006E-003
   1.2264837709042352E-003
   1.2281239552719505E-003
   1.2294742744704981E-003
   1.2307004215815279E-003
   1.2318852446161022E-003
   1.2347006778224471E-003
   1.2389003479278370E-003
   1.2398097240159990E-003
   1.2274584531454533E-003
   1.2287233152487706E-003
   1.2277417658601061E-003
   1.2278647720154955E-003
   1.2294048328508832E-003
   1.2310066810885898E-003
   1.2307621467524965E-003
   1.2295578080819723E-003
   1.2291989136674506E-003
   1.2299746375541568E-003
   1.2323421665973908E-003
   1.2349981883238163E-003
   1.2361312004775574E-003
   1.2372521154539026E-003
   1.2396964981459808E-003
   1.2424331597878280E-003
   1.2449194397528129E-003
   1.2478251690343596E-003
   1.2524673781642319E-003
   1.2574086395813608E-003
   1.2619187591303394E-003
   1.2673320527099071E-003
   1.2740855359747590E-003
   1.2805242433842911E-003
   1.2863441485541178E-003
   1.2921819078770200E-003
   1.2986199619189401E-003
   1.3046761897230511E-003
   1.3100099217070358E-003
   1.3149312352948490E-003
   1.3199082375238479E-003
   1.3255331933614146E-003
   1.3312219676177343E-003
   1.3366630259432275E-003
   1.3410948374919590E-003
   1.3452254238443863E-003
   1.3545402991711282E-003
   1.3815924276817234E-003
   1.4046434342978478E-003
   1.3952003562891625E-003
   1.3789021920888383E-003
   1.3689671244374332E-003
   1.3608874649035196E-003
   1.3552720576878903E-003
   1.3521143158905246E-003
   1.3499446636848565E-003
   1.3483458533919976E-003
   1.3472559340512885E-003
   1.3452493957727917E-003
   1.3424233713946402E-003
   1.3413907720874183E-003
   1.3459281644167616E-003
   1.3744123252227619E-003
   1.3790633859465664E-003
   1.3502675551086772E-003
   1.3404334456546502E-003
   1.3351464054490775E-003
   1.3305293568215209E-003
   1.3268722754069600E-003
   1.3251792694869463E-003
   1.3262990816658455E-003
   1.3115580539563062E-003
   1.3117134397276240E-003
   1.3129246363951851E-003
   1.3139201538149515E-003
   1.3143171927055670E-003
   1.3158840680787085E-003
   1.3188428414921771E-003
   1.3220807268405836E-003
   1.3281889233824175E-003
   1.3401938513539447E-003
   1.3713469558178884E-003
   1.3728881213468697E-003
   1.3520587512920177E-003
   1.3390770207728159E-003
   1.3353978421298484E-003
   1.3332574515310929E-003
   1.3353529728663386E-003
   1.3386846793914590E-003
   1.3432049152460022E-003
   1.3477888945141433E-003
   1.3531988190655160E-003
   1.3591190652664431E-003
   1.3646527955564357E-003
   1.3696596273446305E-003
   1.3737266839393635E-003
   1.3778161772415446E-003
   1.3817539001887394E-003
   1.3854644618679932E-003
   1.3891342935472880E-003
   1.3926245326738910E-003
   1.3968097658529400E-003
   1.4010459843646695E-003
   1.4039518318245000E-003
   1.4053804367637557E-003
   1.4084450213960329E-003
   1.4138037041023998E-003
   1.4061326344143778E-003
   1.4092655594656626E-003
   1.4134211806509575E-003
   1.4162379404248752E-003
   1.4179979426276312E-003
   1.4190163880160810E-003
   1.4194623704477040E-003
   1.4215264729078973E-003
   1.4245658546784407E-003
   1.4277618895635902E-003
   1.4315775658458802E-003
   1.4354371327138418E-003
   1.4391777450821373E-003
   1.4427805202984489E-003
   1.4472194738704232E-003
   1.4530361630901959E-003
   1.4593141710916061E-003
   1.4657525810667000E-003
   1.4721221309101462E-003
   1.4787358837873030E-003
   1.4863792549782103E-003
   1.4936757123899052E-003
   1.4986004758250661E-003
   1.5027619499125892E-003
   1.5079354748164504E-003
   1.5137708715282788E-003
   1.5198155785874452E-003
   1.5261115370709558E-003
   1.5336147351912347E-003
   1.5330182079823424E-003
   1.5325173218579107E-003
   1.5354210908123207E-003
   1.5448812613935361E-003
   1.5527703527337955E-003
   1.5459306846964851E-003
   1.5412139499610688E-003
   1.5361394596062944E-003
   1.5331630365222971E-003
   1.5316697029960904E-003
   1.5307086648159612E-003
   1.5285545644782277E-003
   1.5272607463906512E-003
   1.5277546547398278E-003
   1.5279144525601187E-003
   1.5287769642528908E-003
   1.5323710999420475E-003
   1.5415627551644527E-003
   1.5743506656242941E-003
   1.5804399987694535E-003
   1.5594357871063847E-003
   1.5539469382279021E-003
   1.5532575616468455E-003
   1.5565353347861061E-003
   1.5400997499394309E-003
   1.5166408751329749E-003
   1.5176501911450212E-003
   1.5198914014040179E-003
   1.5221991499373509E-003
   1.5272861819523144E-003
   1.5354068260344635E-003
   1.5444611375553543E-003
   1.5414908437310143E-003
   1.5393630980104760E-003
   1.5361727332116478E-003
   1.5323900382822561E-003
   1.5297878421602978E-003
   1.5294948864898687E-003
   1.5296600721531137E-003
   1.5297129802712662E-003
   1.5300550037929954E-003
   1.5315414465589311E-003
   1.5314948791637470E-003
   1.5314138902478955E-003
   1.5237806910618245E-003
   1.5204464370937758E-003
   1.5194038705555106E-003
   1.5216313469058858E-003
   1.5238726430602100E-003
   1.5243834699433013E-003
   1.5255359140260486E-003
   1.5280900981669834E-003
   1.5301104104542380E-003
   1.5332412757925516E-003
   1.5372775483783602E-003
   1.5403647710509132E-003
   1.5428645566308899E-003
   1.5445208685495333E-003
   1.5463453836057691E-003
   1.5464890390087119E-003
   1.5452823829891450E-003
   1.5356990225830270E-003
   1.5345124022756091E-003
   1.5365854529586405E-003
   1.5397217344536641E-003
   1.5424580675388556E-003
   1.5451723524316449E-003
   1.5482086092503146E-003
   1.5522400148094515E-003
   1.5560083776889324E-003
   1.5584589721097492E-003
   1.5599562613231777E-003
   1.5619078027519857E-003
   1.5661073508431143E-003
   1.5707677989959588E-003
   1.5746695012475095E-003
   1.5757091240829304E-003
   1.5762770071016902E-003
   1.5779000490872609E-003
   1.5787193860355953E-003
   1.5781468688722735E-003
   1.5772134014806817E-003
   1.5783183910836615E-003
   1.5807137303835367E-003
   1.5839750419034972E-003
   1.5898262398429043E-003
   1.6139006926473931E-003
   1.6731057794570040E-003
   1.6593115778910717E-003
   1.6215567906934952E-003
   1.5880287194596991E-003
   1.5655828850339429E-003
   1.5513547654561637E-003
   1.5413883531053122E-003
   1.5299902641042044E-003
   1.5226391678712121E-003
   1.5179223752975939E-003
   1.5157103725031212E-003
   1.5150696288819213E-003
   1.5169935907750325E-003
   1.5242462529759732E-003
   1.5199962428514003E-003
   1.5168848780724830E-003
   1.5164773100439924E-003
   1.5164456733088756E-003
   1.5165528369055022E-003
   1.5165108981647064E-003
   1.5143396138513118E-003
   1.5114262874329409E-003
   1.5095708496726476E-003
   1.5120283136656741E-003
   1.5155424422684911E-003
   1.5207295490549601E-003
   1.5250756701796465E-003
   1.5263444526530615E-003
   1.5270903103435185E-003
   1.5297289833090628E-003
   1.5327649748577898E-003
   1.5366498469526818E-003
   1.5421409814190656E-003
   1.5531255186293092E-003
   1.5950541019507181E-003
   1.5768768108616743E-003
   1.5564622851429431E-003
   1.5491826021054962E-003
   1.5454492670237249E-003
   1.5421425281876601E-003
   1.5413399308143402E-003
   1.5422665987242015E-003
   1.5440140845216807E-003
   1.5428629491145585E-003
   1.5426547353353114E-003
   1.5443321958340437E-003
   1.5461179548304281E-003
   1.5496075542310902E-003
   1.5519130783477606E-003
   1.5551121235132779E-003
   1.5581930765194501E-003
   1.5597522855480145E-003
   1.5605979192227773E-003
   1.5607377588945769E-003
   1.5595335624749669E-003
   1.5594451370472397E-003
   1.5611034069136092E-003
   1.5623246284596950E-003
   1.5631509107454241E-003
   1.5608882898564863E-003
   1.5561371675558396E-003
   1.5551272239909513E-003
   1.5521080870985241E-003
   1.5471869149260064E-003
   1.5396858375873001E-003
   1.5310724108277692E-003
   1.5231699481121140E-003
   1.5150841786234811E-003
   1.5086504939156198E-003
   1.5034504276424565E-003
   1.4980275525955235E-003
   1.4933250614333924E-003
   1.4902117569538615E-003
   1.4885440840176902E-003
   1.4879989496466022E-003
   1.4871269016181606E-003
   1.4853707527486427E-003
   1.4839353529721420E-003
   1.4834198358523987E-003
   1.4834764307592359E-003
   1.4844245803697035E-003
   1.4865555527286045E-003
   1.4884007833587697E-003
   1.4894331986054804E-003
   1.4908737837859710E-003
   1.4921843717976516E-003
   1.4936302310085061E-003
   1.4949861300127551E-003
   1.4941983538833449E-003
   1.4918772511581207E-003
   1.4904596761176451E-003
   1.4917389791546216E-003
   1.4959111224306270E-003
   1.5014716263948178E-003
   1.5063191566378137E-003
   1.5138871631112814E-003
   1.5354996007663887E-003
   1.6222760181317608E-003
   1.7410460979014181E-003
   1.5835506619633916E-003
   1.5190249893228148E-003
   1.4796171217314150E-003
   1.4519237985423337E-003
   1.4354555340974919E-003
   1.4246518652403944E-003
   1.4154558865853634E-003
   1.4082240005749485E-003
   1.4036912284875413E-003
   1.3990920063129016E-003
   1.3950636938870849E-003
   1.3938059099555407E-003
   1.4052100659226287E-003
   1.4620040486433554E-003
   1.4127923102887371E-003
   1.3905271378159216E-003
   1.3790848983750840E-003
   1.3683641682832330E-003
   1.3596959968818988E-003
   1.3530867297577925E-003
   1.3474246510733604E-003
   1.3432847361361216E-003
   1.3414246776311367E-003
   1.3286348687449978E-003
   1.3248910554311656E-003
   1.3249858072924695E-003
   1.3259536295837670E-003
   1.3265545272999767E-003
   1.3280252514834079E-003
   1.3299239209280888E-003
   1.3328123002093657E-003
   1.3367496666535227E-003
   1.3461009110099383E-003
   1.3809432537961375E-003
   1.4022780727927660E-003
   1.3601642168166138E-003
   1.3349034708436023E-003
   1.3275920732838903E-003
   1.3222988918561913E-003
   1.3203109197183391E-003
   1.3181880325154180E-003
   1.3158823935947397E-003
   1.3143997591622207E-003
   1.3156273002830135E-003
   1.3178395440911731E-003
   1.3201936505814395E-003
   1.3230945547200044E-003
   1.3265036331556225E-003
   1.3319469950190987E-003
   1.3374573801022058E-003
   1.3416251244012705E-003
   1.3464092136052229E-003
   1.3524277772709345E-003
   1.3622378351370414E-003
   1.3492957684807794E-003
   1.3508274980867042E-003
   1.3573006045042276E-003
   1.3636839024506408E-003
   1.3702051455630475E-003
   1.3775974235109728E-003
   1.3859953176894695E-003
   1.3925421801250055E-003
   1.3957141520365042E-003
   1.3969715388572836E-003
   1.3963105877281821E-003
   1.3956792473243235E-003
   1.3977473587494362E-003
   1.4023720819286575E-003
   1.4077786916672503E-003
   1.4124736782205893E-003
   1.4167571964023909E-003
   1.4203589181607484E-003
   1.4246513505823271E-003
   1.4306557806997530E-003
   1.4353149416841085E-003
   1.4380673784919877E-003
   1.4406493555629712E-003
   1.4437904463676223E-003
   1.4468664483371432E-003
   1.4492796852265612E-003
   1.4499948170269275E-003
   1.4484756420786518E-003
   1.4460367920390337E-003
   1.4433965590393751E-003
   1.4408186947237370E-003
   1.4381121426179698E-003
   1.4353719079905005E-003
   1.4333191013269598E-003
   1.4335009076514643E-003
   1.4386481209385841E-003
   1.4600398008972611E-003
   1.5366387644746272E-003
   1.5136653415008564E-003
   1.4582855252442579E-003
   1.4657842264389103E-003
   1.4467529156236365E-003
   1.3975668121044779E-003
   1.3600204246454585E-003
   1.3336771375256076E-003
   1.3117385721733237E-003
   1.2943635638349388E-003
   1.2809361772342270E-003
   1.2698081078200403E-003
   1.2616523409960400E-003
   1.2555945631957564E-003
   1.2507162387093167E-003
   1.2450385091476342E-003
   1.2395318756972644E-003
   1.2363655142871507E-003
   1.2424573527481432E-003
   1.2470612050776231E-003
   1.2299993365448938E-003
   1.2227721335453302E-003
   1.2179950111171711E-003
   1.2148318673653880E-003
   1.2117035197904945E-003
   1.2083241966840206E-003
   1.2023007963945695E-003
   1.2061076662241005E-003
   1.2281740360475268E-003
   1.2347719359217062E-003
   1.2088619999684402E-003
   1.2010596364809291E-003
   1.1970137948677962E-003
   1.1940062372506779E-003
   1.1914055819242269E-003
   1.1898935254004244E-003
   1.1909659994217454E-003
   1.1922026017077134E-003
   1.1933044810301726E-003
   1.1903299803979609E-003
   1.1922487386492701E-003
   1.1955646400967463E-003
   1.1993697940209517E-003
   1.2038609256574944E-003
   1.2086164728269974E-003
   1.2106889635818828E-003
   1.2129275831864704E-003
   1.2148569687711215E-003
   1.2176404705087698E-003
   1.2203649218768173E-003
   1.2230829035927402E-003
   1.2276070549331363E-003
   1.2327085764861842E-003
   1.2365536641132065E-003
   1.2395039386949866E-003
   1.2424884091762521E-003
   1.2451185074077505E-003
   1.2477067442609627E-003
   1.2516064933322151E-003
   1.2570782852101316E-003
   1.2652443416017224E-003
   1.2424773246488667E-003
   1.2454923535142072E-003
   1.2482061638981966E-003
   1.2496988577107230E-003
   1.2522977063161014E-003
   1.2554655490077365E-003
   1.2584647511338534E-003
   1.2614279248820692E-003
   1.2642763255303431E-003
   1.2678295835213545E-003
   1.2719947070485237E-003
   1.2759788730540213E-003
   1.2814870236985524E-003
   1.2887741900046432E-003
   1.2962680607989875E-003
   1.3040950217751820E-003
   1.3115006694279520E-003
   1.3169628252431079E-003
   1.3224389739188869E-003
   1.3289148145219974E-003
   1.3349632536939018E-003
   1.3417066319959920E-003
   1.3505474257033540E-003
   1.3661006754705357E-003
   1.3990665265149070E-003
   1.3875462730242314E-003
   1.3838314752736035E-003
   1.3987922990995410E-003
   1.4379739385652734E-003
   1.4097761275488341E-003
   1.3942664677421934E-003
   1.3862792676458064E-003
   1.3820691145436800E-003
   1.3788229020471878E-003
   1.3753936367714016E-003
   1.3725628432817894E-003
   1.3713463350498872E-003
   1.3707188170962758E-003
   1.3710845500127930E-003
   1.3731314592388864E-003
   1.3821749152337290E-003
   1.3880852112804762E-003
   1.3696272897175722E-003
   1.3582525380533257E-003
   1.3507717974810998E-003
   1.3464295850649757E-003
   1.3429428159895114E-003
   1.3404324676844523E-003
   1.3340998498089971E-003
   1.3317619824172776E-003
   1.3310523838845675E-003
   1.3314856799578328E-003
   1.3332115695907094E-003
   1.3345487650392924E-003
   1.3381855822308954E-003
   1.3518004226709087E-003
   1.3611720800600089E-003
   1.3545295200091808E-003
   1.3528145852791072E-003
   1.3510323901452801E-003
   1.3489804138354484E-003
   1.3487172868993920E-003
   1.3482530123718490E-003
   1.3478395762935474E-003
   1.3471348880222658E-003
   1.3449162600268889E-003
   1.3433399529950310E-003
   1.3436537564408841E-003
   1.3449691439109119E-003
   1.3460992716624019E-003
   1.3473691730329703E-003
   1.3377715171511110E-003
   1.3266045892711957E-003
   1.3289542131686741E-003
   1.3309082513278045E-003
   1.3236748618983731E-003
