   2.5209189547336225E-002
   8.8838986240504913E-003
   7.7733714794939483E-003
   1.0258258355553676E-002
   1.3730640617584935E-002
   1.3656374949017893E-002
   1.2598475788930778E-002
   1.2398794161885253E-002
   1.2664366642935193E-002
   1.3700317537376307E-002
   1.5570749098390768E-002
   1.7485865291405930E-002
   1.8774999226242404E-002
   1.7211577492128049E-002
   1.5909285066412635E-002
   1.3916861037508922E-002
   1.2425193337579663E-002
   1.1981097643565919E-002
   1.2737005304094275E-002
   1.2743343134421001E-002
   1.0364032148856197E-002
   9.0460947065381363E-003
   8.7859314792436242E-003
   8.6447675332003444E-003
   8.5298219104120877E-003
   8.2008909980836268E-003
   8.2018895279543438E-003
   8.2254109515637296E-003
   8.2368276560290735E-003
   8.2423543397046831E-003
   8.2588122588484834E-003
   8.2688555790968576E-003
   8.2648508265691575E-003
   8.2803929857872462E-003
   8.3016838330789849E-003
   8.3075930484112163E-003
   8.2879889331031430E-003
   8.2643323209644348E-003
   8.2455579872845550E-003
   8.2062567010590080E-003
   8.1777531358019455E-003
   8.1907394797283862E-003
   8.2307463107371311E-003
   8.2688370852579893E-003
   8.2990418027491433E-003
   8.3218985370432444E-003
   8.3236109239163379E-003
   8.3519830378818542E-003
   8.3806679563539765E-003
   8.4075024785061781E-003
   8.4179021658363200E-003
   8.4181853200902997E-003
   8.4133541162709265E-003
   8.3936736882711440E-003
   8.3657790956764132E-003
   8.3345154945300634E-003
   8.2907200925054457E-003
   8.2322057204879586E-003
   8.1639113645916393E-003
   8.0837356406809526E-003
   7.9931999039626438E-003
   7.8993151561581997E-003
   7.8022693128699024E-003
   7.7083013962803747E-003
   7.6176487894761089E-003
   7.5189276360922612E-003
   7.4098020294015255E-003
   7.2894970351784485E-003
   7.1382642736935809E-003
   6.9321327653488899E-003
   6.6780122132246763E-003
   6.4129944332667003E-003
   6.1900750640190771E-003
   6.0479096750748742E-003
   5.9714785910349550E-003
   5.9289760204962140E-003
   5.9045222374881790E-003
   5.8777773098552671E-003
   5.8371938016330612E-003
   5.7855202574073478E-003
   5.7237207329392924E-003
   5.6516413918097771E-003
   5.5715261656483026E-003
   5.4898767166246870E-003
   5.4074506606976132E-003
   5.3266031621834933E-003
   5.2683759777875476E-003
   5.2381676110802525E-003
   5.2395990693221454E-003
   5.2633619405419198E-003
   5.2993899304447098E-003
   5.3321051483176344E-003
   5.3639662669717602E-003
   5.4076934080832962E-003
   5.4721111796997689E-003
   5.5552632544327522E-003
   5.6456594362398176E-003
   5.7325870924047470E-003
   5.8144281205468711E-003
   5.8850221746551126E-003
   5.9361651743274520E-003
   5.9837846928587736E-003
   6.0418505464724286E-003
   6.1381320442324408E-003
   6.1715517755437342E-003
   6.1172050876443229E-003
   6.1341085775391112E-003
   6.1525478331652204E-003
   6.2048367038069841E-003
   6.2458140868492671E-003
   6.2851036824378365E-003
   6.3222442582672473E-003
   6.3496620757978687E-003
   6.3645283697516108E-003
   6.3734714738829020E-003
   6.3635240946313919E-003
   6.3175262849607837E-003
   6.2232886684512791E-003
   6.0748872734772323E-003
   5.8633635782561607E-003
   5.5870492166339106E-003
   5.2610848983708379E-003
   4.9125694437349814E-003
   4.5774103341941876E-003
   4.2846479148596177E-003
   4.0586604060657717E-003
   3.9106508744798365E-003
   3.8373205262692100E-003
   3.8235142688278954E-003
   3.8487329652087615E-003
   3.8969631356654678E-003
   3.9675797175526412E-003
   4.0864449666923180E-003
   4.1456357009122171E-003
   4.2102730437174971E-003
   4.1688908995016934E-003
   4.1718655588794422E-003
   4.1721432323478091E-003
   4.1630172888933161E-003
   4.1496365860006637E-003
   4.1362490034381038E-003
   4.1343637913063462E-003
   4.1486627259809334E-003
   4.1696818049294267E-003
   4.1815914820393235E-003
   4.1759991889170206E-003
   4.1724369205546306E-003
   4.1473732214582911E-003
   4.0950741948596490E-003
   4.0467677610000708E-003
   4.0267623385468361E-003
   4.0253998363186608E-003
   4.0306523816684226E-003
   4.0312317239030769E-003
   4.0332458029812626E-003
   4.0232990007053231E-003
   3.9908898205594304E-003
   3.9864843975161053E-003
   3.9943041856900187E-003
   3.9930391921126065E-003
   3.9931813702437785E-003
   3.9846208440042809E-003
   3.9834858230842147E-003
   3.9643960583168438E-003
   3.9531759703984011E-003
   3.9465845713545092E-003
   3.9360247371273372E-003
   3.9372336884102403E-003
   3.9487440640838915E-003
   3.9548535156153078E-003
   3.9428024658857991E-003
   3.9343375955834562E-003
   3.9295774479358716E-003
   3.9256122896339871E-003
   3.9358728074662544E-003
   3.9554473812789311E-003
   3.9797041515448250E-003
   3.9986000797512349E-003
   4.0075916073352919E-003
   4.0368759940798069E-003
   4.2423857343797475E-003
   4.0570873668934315E-003
   3.9583239467077553E-003
   3.8928249929159700E-003
   3.8205956082722537E-003
   3.7560130886113647E-003
   3.6962327449339806E-003
   3.5813360876290538E-003
   3.5778962910336084E-003
   3.5665910509272351E-003
   3.5575046079387492E-003
   3.5465003155293068E-003
   3.5345944405343367E-003
   3.5255821355932924E-003
   3.5156731897838293E-003
   3.5022657435298046E-003
   3.4969567019902410E-003
   3.4974289197213940E-003
   3.5048660615374433E-003
   3.5540052743498309E-003
   3.5723979952969514E-003
   3.4633104146908175E-003
   3.4057889761479904E-003
   3.3749094994615491E-003
   3.3475701546129568E-003
   3.3274479573819639E-003
   3.3105677806048715E-003
   3.2887675977459709E-003
   3.2575680336593767E-003
   3.2189939127287219E-003
   3.1797074789923596E-003
   3.1471099921717657E-003
   3.1232272504211176E-003
   3.1011647844461513E-003
   3.0775472391219067E-003
   3.0523433668472218E-003
   3.0262306103108483E-003
   2.9958979904695371E-003
   2.9646284458522275E-003
   2.9327751012027791E-003
   2.8995754044726803E-003
   2.8697992370139086E-003
   2.8452992166794902E-003
   2.8279960472373383E-003
   2.8153492857198315E-003
   2.8047531182459296E-003
   2.7977266252369663E-003
   2.7927931455719261E-003
   2.7907710344715962E-003
   2.7935037765762518E-003
   2.7995253754992903E-003
   2.8080588526045104E-003
   2.8204332467213931E-003
   2.8356585433959971E-003
   2.8530987046468839E-003
   2.8737915417419587E-003
   2.8981941649208146E-003
   2.9226688945039984E-003
   2.9485993797275607E-003
   2.9815100778481348E-003
   3.0282604746948564E-003
   3.0906195000640524E-003
   3.0936058964476359E-003
   3.1089799957508386E-003
   3.1367930468690648E-003
   3.1727079491164151E-003
   3.2035664801441147E-003
   3.2208442699825407E-003
   3.2246525824325659E-003
   3.2238163637543691E-003
   3.2339330316597244E-003
   3.2609091733112618E-003
   3.3000503180228426E-003
   3.3452130830536699E-003
   3.3818609622463199E-003
   3.4016384011596821E-003
   3.4082361308916476E-003
   3.4087099197121010E-003
   3.4096235968624333E-003
   3.4185951126273033E-003
   3.4354964644307895E-003
   3.4566048147588275E-003
   3.4561364609955879E-003
   3.4561479220960472E-003
   3.4468700359109694E-003
   3.4321557941154397E-003
   3.4021229065202348E-003
   3.3541844617078790E-003
   3.3424359745960496E-003
   3.3403471659171676E-003
   3.3395282973014391E-003
   3.3334873632338228E-003
   3.3191354742801386E-003
   3.2961424518429226E-003
   3.2660671312901863E-003
   3.2358120278813017E-003
   3.2112182665995298E-003
   3.1946822408764524E-003
   3.1829099227172453E-003
   3.1729371034185253E-003
   3.1662497975769501E-003
   3.1586277022674519E-003
   3.1540902166056640E-003
   3.1483897501089148E-003
   3.1469612570395934E-003
   3.1559174076961627E-003
   3.1771649975973473E-003
   3.2163915716287373E-003
   3.2357997082347449E-003
   3.2535712398509653E-003
   3.2661735697848073E-003
   3.2750619367151257E-003
   3.2826509122763771E-003
   3.2920618623411666E-003
   3.3029402161015436E-003
   3.3151372651675187E-003
   3.3294920863633721E-003
   3.3549203426116066E-003
   3.3908487568115168E-003
   3.4362553520219646E-003
   3.3499972460663400E-003
   3.3202660276291794E-003
   3.3033656728619185E-003
   3.2948862444368635E-003
   3.2922072779111283E-003
   3.2873715918326093E-003
   3.2802283409000838E-003
   3.2756626900656270E-003
   3.2752125886877578E-003
   3.2773522690631054E-003
   3.2753944352409926E-003
   3.2676806041458646E-003
   3.2669925802366402E-003
   3.2691705313185656E-003
   3.2739518804185959E-003
   3.2821384108717468E-003
   3.2878812105591095E-003
   3.2901944730762481E-003
   3.2943202146146194E-003
   3.3002808228421322E-003
   3.3059178617614112E-003
   3.3111760031611093E-003
   3.3191950032929241E-003
   3.3280423455944396E-003
   3.3347720995135352E-003
   3.3437493089078884E-003
   3.3502967056533994E-003
   3.3488569623546646E-003
   3.3429042578857521E-003
   3.3441137299861641E-003
   3.3684095115139399E-003
   3.4402988244520575E-003
   3.4089024730298871E-003
   3.3833123221833033E-003
   3.3717398480840200E-003
   3.3643800135270390E-003
   3.3541857490510343E-003
   3.3441000401526829E-003
   3.3330789877901858E-003
   3.3179951083245163E-003
   3.2995541972029112E-003
   3.2861380079128224E-003
   3.2830890101928690E-003
   3.2806716706650220E-003
   3.2753872380835462E-003
   3.2694107486380391E-003
   3.2620343241165314E-003
   3.2579441573379162E-003
   3.2490317620425713E-003
   3.2278210652309518E-003
   3.2011660412773028E-003
   3.1784535757707994E-003
   3.1543270867291609E-003
   3.1283326725271843E-003
   3.1104349156472243E-003
   3.1079249823385978E-003
   3.1111149652347011E-003
   3.1083144762008197E-003
   3.0906743049662474E-003
   3.0450108589215518E-003
   3.0270118904034316E-003
   3.0118097505209660E-003
   3.0004170018676857E-003
   2.9976073905571467E-003
   2.9988233372767953E-003
   2.9994166805212192E-003
   3.0013629269638282E-003
   3.0058993417133397E-003
   3.0181475166136157E-003
   3.0474206458030247E-003
   2.9963743761187577E-003
   2.9743991622318603E-003
   2.9647072679771657E-003
   2.9592318237050400E-003
   2.9591532153313746E-003
   2.9614813809362736E-003
   2.9581082419585223E-003
   2.9468297237585719E-003
   2.9343134869918019E-003
   2.9254303501802413E-003
   2.9204573228762943E-003
   2.9221850253485352E-003
   2.9673243245596308E-003
   2.9472795560976281E-003
   2.8997394381737782E-003
   2.8711645724546556E-003
   2.8457111737679465E-003
   2.8226957530646567E-003
   2.8155995495316730E-003
   2.8363380111620265E-003
   2.8003992129845916E-003
   2.7817021952327363E-003
   2.7801324530263840E-003
   2.7661510301523490E-003
   2.7720958011049120E-003
   2.7798340075638993E-003
   2.7861371181976567E-003
   2.7992286240467695E-003
   2.8164117257671460E-003
   2.8362963123375624E-003
   2.8589379609484226E-003
   2.8839279741669959E-003
   2.9130880647433347E-003
   2.9433402904718393E-003
   2.9725693661790502E-003
   2.9996813629254463E-003
   3.0194046776238332E-003
   3.0338174773971711E-003
   3.0501158953046836E-003
   3.0689448454045425E-003
   3.0916698322075455E-003
   3.1173884315705827E-003
   3.1595314504492631E-003
   3.2184235243277693E-003
   3.1726314800440817E-003
   3.1514165383031180E-003
   3.1386496528092631E-003
   3.1292915465429747E-003
   3.1196893068376813E-003
   3.1108599215558391E-003
   3.0983410465714339E-003
   3.0826468032090649E-003
   3.0719421214417545E-003
   3.0609409580632280E-003
   3.0459450702242713E-003
   3.0302480410543614E-003
   3.0140168927130545E-003
   2.9965083628044941E-003
   2.9768843734716212E-003
   2.9598884383550011E-003
   2.9492704163662765E-003
   2.9458243816087408E-003
   2.9474229532317569E-003
   2.9515258224450665E-003
   2.9526067262362265E-003
   2.9521596023665917E-003
   2.9520741727529528E-003
   2.9499463547186708E-003
   2.9489554515289163E-003
   2.9511686629708576E-003
   2.9559397452180308E-003
   2.9657998090731412E-003
   2.9787867233289798E-003
   2.9907900854102289E-003
   2.9982258607698163E-003
   2.9911524324929190E-003
   2.9849838609720138E-003
   2.9832356138377670E-003
   2.9810388746776759E-003
   2.9807293332805474E-003
   2.9790711913470608E-003
   2.9780450374101279E-003
   2.9734772097496777E-003
   2.9676986247781697E-003
   2.9639305024249016E-003
   2.9599761504685803E-003
   2.9534108228580261E-003
   2.9424789875483340E-003
   2.9280898058905037E-003
   2.9159643587366351E-003
   2.9049497681322670E-003
   2.8958476459285485E-003
   2.8926245229513557E-003
   2.8911648227008795E-003
   2.8903819353526925E-003
   2.9029511920730228E-003
   2.8919837089390462E-003
   2.8620762918728686E-003
   2.8495162346744173E-003
   2.8428611119743039E-003
   2.8513671431282428E-003
   2.8907293247679103E-003
   2.8428586724548212E-003
   2.8175044531087881E-003
   2.8089804235042885E-003
   2.8016997435273104E-003
   2.7905376595339696E-003
   2.7767831038334749E-003
   2.7664777976910268E-003
   2.7652870738378776E-003
   2.7684674731812573E-003
   2.7746594205916133E-003
   2.7839602482789480E-003
   2.7912309419623632E-003
   2.8014820532162002E-003
   2.8539197717330459E-003
   2.8311202678656497E-003
   2.8031084940225988E-003
   2.7958107333036905E-003
   2.7980118165412513E-003
   2.8078102989301866E-003
   2.8219683400685417E-003
   2.8375418032567257E-003
   2.8528197807324786E-003
   2.8723033352879776E-003
   2.9387298763304316E-003
   2.9450640143240656E-003
   2.8846020829817812E-003
   2.8665497726011505E-003
   2.8631862652979336E-003
   2.8621964261710559E-003
   2.8625609146282053E-003
   2.8603310519438388E-003
   2.8570871171351517E-003
   2.8555845983067123E-003
   2.8517047040261950E-003
   2.8471238512106168E-003
   2.8416257411879213E-003
   2.8364192466228421E-003
   2.8310909894851293E-003
   2.8201348607716130E-003
   2.8047017532405608E-003
   2.7904189247553485E-003
   2.7834855222278474E-003
   2.7794321451663296E-003
   2.7707313710010400E-003
   2.7568176619575243E-003
   2.7489153309421606E-003
   2.7460685338025793E-003
   2.7465046914809713E-003
   2.7494329719964369E-003
   2.7505908175466491E-003
   2.7494528983574937E-003
   2.7429606074087010E-003
   2.7340078001058640E-003
   2.7282051158157125E-003
   2.7270355705919661E-003
   2.7297490241459076E-003
   2.7276997225288177E-003
   2.7128704816239933E-003
   2.7153524674222891E-003
   2.7186758258260341E-003
   2.7225383557314140E-003
   2.7248277233182026E-003
   2.7253010108160849E-003
   2.7252044530613785E-003
   2.7257158205884102E-003
   2.7282588289432304E-003
   2.7326883470173095E-003
   2.7376592505124406E-003
   2.7439246123462419E-003
   2.7461331366840894E-003
   2.7391218312390170E-003
   2.7281798531702600E-003
   2.7192907823717742E-003
   2.7136386524975438E-003
   2.7110307953284994E-003
   2.7115596144975150E-003
   2.7148197230966735E-003
   2.7198805744879169E-003
   2.7264595177809098E-003
   2.7323540622332622E-003
   2.7390914725865965E-003
   2.7514499842641116E-003
   2.8000190781337139E-003
   2.8285580064791264E-003
   2.7579301800520874E-003
   2.7423343824330058E-003
   2.7883004506833449E-003
   2.7360950341683210E-003
   2.6695806541687577E-003
   2.6333304164636840E-003
   2.6047951670263624E-003
   2.5815047109785331E-003
   2.5622088235628662E-003
   2.5449527408873160E-003
   2.5317143317041316E-003
   2.5189097731747293E-003
   2.5079164050568542E-003
   2.5007380042898941E-003
   2.4957374720143361E-003
   2.4934081678174933E-003
   2.4926725756408401E-003
   2.4904470634764045E-003
   2.4865136721817023E-003
   2.4834113830935968E-003
   2.4825098744153608E-003
   2.4846203930502099E-003
   2.4900706398565523E-003
   2.4963458955077305E-003
   2.5003926922519243E-003
   2.5032501731711500E-003
   2.5059397504853332E-003
   2.5080766939321558E-003
   2.5105659770241176E-003
   2.5184856131021866E-003
   2.5400811298366571E-003
   2.5984431970075021E-003
   2.6396151244238641E-003
   2.6130347156856858E-003
   2.5827680332741738E-003
   2.5725923812008494E-003
   2.5630366941270426E-003
   2.5657524418980834E-003
   2.5763520645118321E-003
   2.5941953320191848E-003
   2.6190935189425693E-003
   2.6467893556191510E-003
   2.6729543469900304E-003
   2.6858474476599155E-003
   2.7074494719293886E-003
   2.7306353937792214E-003
   2.7542738365791851E-003
   2.7776945933950447E-003
   2.8018485795929795E-003
   2.8275327644312100E-003
   2.8501337159382210E-003
   2.8711369075836300E-003
   2.8959206723709026E-003
   2.9197791124956273E-003
   2.9375954104410322E-003
   2.9453570371200531E-003
   2.9396515425320208E-003
   2.9322230455350144E-003
   2.9311201215529046E-003
   2.9338152986000204E-003
   2.9403229217018780E-003
   2.9411820202784903E-003
   2.9341685789135048E-003
   2.9215771876701041E-003
   2.9029041124705836E-003
   2.8788960383060898E-003
   2.8572851958865979E-003
   2.8411610517640111E-003
   2.8246362301456961E-003
   2.8055054363536488E-003
   2.7852441648389690E-003
   2.7654267977039468E-003
   2.7481648383410472E-003
   2.7299827151513320E-003
   2.7058453141356911E-003
   2.6787623492831266E-003
   2.6535289578182354E-003
   2.6327932610237018E-003
   2.6174198976599500E-003
   2.6076172392590895E-003
   2.6005994646332901E-003
   2.5928339665810536E-003
   2.5839578598029567E-003
   2.5744327099047220E-003
   2.5674530590764325E-003
   2.5635379417579028E-003
   2.5647602256868322E-003
   2.5637314514520798E-003
   2.5616037147683556E-003
   2.5634687247579843E-003
   2.5693505113736962E-003
   2.5838042776512725E-003
   2.6316174185310286E-003
   2.7465722653284997E-003
   2.6339191177561705E-003
   2.5698085818831309E-003
   2.5341202301568792E-003
   2.5144855249446523E-003
   2.5048517180331297E-003
   2.4965557661117584E-003
   2.4904376696387952E-003
   2.4856712473644228E-003
   2.4790854919130812E-003
   2.4714263734387704E-003
   2.4672582428375577E-003
   2.4670299996445515E-003
   2.4682073088991190E-003
   2.4680444076909248E-003
   2.4679064385605544E-003
   2.4691277715019107E-003
   2.4724348725797215E-003
   2.4768839584922244E-003
   2.4805266381458676E-003
   2.4828819947173759E-003
   2.4864655836700999E-003
   2.4916159698744633E-003
   2.4972404186858212E-003
   2.5026668934688290E-003
   2.5083069536705324E-003
   2.5180715924663769E-003
   2.5425208384432575E-003
   2.5647716720390793E-003
   2.5950952080669820E-003
   2.6748286778390767E-003
   2.5896722764641713E-003
   2.5458525931370641E-003
   2.5182339759223277E-003
   2.5016510174623412E-003
   2.4913668440622832E-003
   2.4776557649463095E-003
   2.4699721212345471E-003
   2.4622187218720053E-003
   2.4488476825046800E-003
   2.4472499484563958E-003
   2.4454952678772137E-003
   2.4429603999343093E-003
   2.4406273457840931E-003
   2.4384685369902366E-003
   2.4373375818315455E-003
   2.4386983807691545E-003
   2.4431676662901533E-003
   2.4513704887233236E-003
   2.4597667293003809E-003
   2.4672026606890997E-003
   2.4721489553580184E-003
   2.4763883179062169E-003
   2.4807435462819772E-003
   2.4866730893376393E-003
   2.4964031317834491E-003
   2.4973323149004626E-003
   2.4957789127819431E-003
   2.5081698583222342E-003
   2.5199886586605024E-003
   2.5320987490068014E-003
   2.5469978172314341E-003
   2.5613344330800091E-003
   2.5743842387287719E-003
   2.5859180044169598E-003
   2.5995966755071429E-003
   2.6172825475647581E-003
   2.6359079706266947E-003
   2.6533768165107156E-003
   2.6682856855768282E-003
   2.6809537663605031E-003
   2.6930958949060598E-003
   2.7045284362122997E-003
   2.7135441226114076E-003
   2.7183992400475112E-003
   2.7235179697207438E-003
   2.7321732524697882E-003
   2.7398700001794100E-003
   2.7474004358367743E-003
   2.7579434417063266E-003
   2.7699373016143421E-003
   2.7813751095368288E-003
   2.7915695692891178E-003
   2.8016389637359920E-003
   2.8132979955360210E-003
   2.8217370376090027E-003
   2.8267952422340314E-003
   2.8422207517506009E-003
   2.8876088306039778E-003
   2.8707608923152807E-003
   2.8369049978142925E-003
   2.8092762127907909E-003
   2.7837278035912219E-003
   2.7637729087826184E-003
   2.7476870897698989E-003
   2.7354352329775574E-003
   2.7267123334219125E-003
   2.7174971275328434E-003
   2.7083641944314731E-003
   2.6954635871889853E-003
   2.6808369570586995E-003
   2.6709683266465012E-003
   2.6681191054199567E-003
   2.6661150927675199E-003
   2.6585713630641271E-003
   2.6536834456093710E-003
   2.6536583968617012E-003
   2.6546380702525980E-003
   2.6537205932063396E-003
   2.6555730149118171E-003
   2.6646492845456599E-003
   2.6775161324210967E-003
   2.7067187162892821E-003
   2.7336659199584754E-003
   2.6957731979143649E-003
   2.6798645785351557E-003
   2.6728016355912114E-003
   2.6689271311320477E-003
   2.6680150608255878E-003
   2.6764998726847939E-003
   2.6947430455741689E-003
   2.7070351937575343E-003
   2.7099155427789744E-003
   2.7163132632399478E-003
   2.7188827309968500E-003
   2.7210602765676273E-003
   2.7092135029118444E-003
   2.7056700691581292E-003
   2.7107313747748918E-003
   2.7189195827335617E-003
   2.7226328779797774E-003
   2.7249468535531971E-003
   2.7218351080023043E-003
   2.7166308195784236E-003
   2.7134977577275882E-003
   2.7160317942719176E-003
   2.7212523526385060E-003
   2.7268793579709985E-003
   2.7298973231569611E-003
   2.7353405483265796E-003
   2.7442179856504404E-003
   2.7485058796838128E-003
   2.7448378881192192E-003
   2.7400353990269157E-003
   2.7387585406246431E-003
   2.7391983518299657E-003
   2.7173215399985662E-003
   2.7105229003910351E-003
   2.7117356663148386E-003
   2.7099360248839257E-003
   2.7014031052966310E-003
   2.6935291652843041E-003
   2.6879205395996513E-003
   2.6818179162382541E-003
   2.6780593377452497E-003
   2.6746011809502782E-003
   2.6698677224471835E-003
   2.6646298634175961E-003
   2.6591168121911685E-003
   2.6553219174566267E-003
   2.6525046842981810E-003
   2.6493860479359023E-003
   2.6458965639563343E-003
   2.6430326458993731E-003
   2.6423754781906132E-003
   2.6438183928463423E-003
   2.6468363990108010E-003
   2.6541091672390394E-003
   2.6658812732083606E-003
   2.6818367928924084E-003
   2.6967331710031810E-003
   2.7073354202153273E-003
   2.7143604302369731E-003
   2.7176824012660572E-003
   2.7164781112211126E-003
   2.7147702899003247E-003
   2.7168586635299714E-003
   2.7232560214228516E-003
   2.7340998674864939E-003
   2.7581668285054316E-003
   2.8391097036926153E-003
   2.9057123515130461E-003
   2.7913915646041064E-003
   2.7496679545452652E-003
   2.7247991266782642E-003
   2.7088553642498378E-003
   2.6991929909135175E-003
   2.6943042990722286E-003
   2.6942681739596211E-003
   2.7015665209416759E-003
   2.7173455630589189E-003
   2.7051085876514370E-003
   2.7009231112514096E-003
   2.7007414858593822E-003
   2.7022415991927781E-003
   2.7090661537078542E-003
   2.7187482514005354E-003
   2.7293316305311427E-003
   2.7407085622446789E-003
   2.7525859197587163E-003
   2.7637593077704642E-003
   2.7756720755732910E-003
   2.7969372136961517E-003
   2.8137952545937567E-003
   2.8097465745843364E-003
   2.8158606764891888E-003
   2.8247584822136485E-003
   2.8388991096277814E-003
   2.8579285679314003E-003
   2.8619432092477966E-003
   2.8730905811847019E-003
   2.8904733967473890E-003
   2.9090417798593535E-003
   2.9303727023138556E-003
   2.9533264837149115E-003
   2.9773029794340111E-003
   2.9995910949073678E-003
   3.0173665065537027E-003
   3.0339762680860589E-003
   3.0540191896918324E-003
   3.0873570786036438E-003
   3.1656926425719712E-003
   3.1526940663022442E-003
   3.1482270095089392E-003
   3.1547316306980069E-003
   3.1606218100928771E-003
   3.1670622288960744E-003
   3.1692177369156121E-003
   3.1621562688359294E-003
   3.1578841916225990E-003
   3.1548071854287495E-003
   3.1557623621637255E-003
   3.1584004266149634E-003
   3.1634226708921022E-003
   3.1689431122429875E-003
   3.1654439796753430E-003
   3.1497113813443766E-003
   3.1299566838915841E-003
   3.1131718600418577E-003
   3.1004948808451105E-003
   3.0923003344615111E-003
   3.0889070541925351E-003
   3.0858094089573017E-003
   3.0760643172963596E-003
   3.0646284066073882E-003
   3.0520868105603622E-003
   3.0311580428711675E-003
   3.0054709753238053E-003
   2.9794136635749873E-003
   2.9540183547573668E-003
   2.9331750995682465E-003
   2.9173650570130947E-003
   2.9051360616452154E-003
   2.8886607483635911E-003
   2.8632769270355383E-003
   2.8383058728659065E-003
   2.8176189025320296E-003
   2.8001447591193694E-003
   2.7863301990026521E-003
   2.7738858402563808E-003
   2.7623930599140626E-003
   2.7525685945349490E-003
   2.7435900659640599E-003
   2.7362934755389189E-003
   2.7292286056459264E-003
   2.7232888266864163E-003
   2.7214897589317179E-003
   2.7216779992589829E-003
   2.7236711436753646E-003
   2.7269602929926285E-003
   2.7292383249978543E-003
   2.7287108932518901E-003
   2.7287539860912122E-003
   2.7309719897510832E-003
   2.7348956076659716E-003
   2.7381380029431117E-003
   2.7397468955950438E-003
   2.7480215818744295E-003
   2.7783699599595586E-003
   2.9026624292725145E-003
   2.8738047480703121E-003
   2.7595042663853689E-003
   2.7164948313206680E-003
   2.7085716894852630E-003
   2.7162984539004908E-003
   2.6551200288314012E-003
   2.6272083251082704E-003
   2.6068270673548178E-003
   2.5863149943671764E-003
   2.5733246456744389E-003
   2.5695358751197522E-003
   2.5724542384834991E-003
   2.5515970707151651E-003
   2.5402412200032061E-003
   2.5373187485659655E-003
   2.5385152467284110E-003
   2.5403340341280047E-003
   2.5429046123608967E-003
   2.5491647066450658E-003
   2.5555388383607688E-003
   2.5595952604216179E-003
   2.5694662213859099E-003
   2.5786484912392964E-003
   2.5889059686208249E-003
   2.6006733055550586E-003
   2.6134615965139095E-003
   2.6282170053455105E-003
   2.6437308735320136E-003
   2.6611636791103281E-003
   2.6781809019891510E-003
   2.6940799719870072E-003
   2.7093533243369868E-003
   2.7262721574236922E-003
   2.7585747084218717E-003
   2.8208199389803059E-003
   2.7898203322963789E-003
   2.7793912658928849E-003
   2.7814591954318534E-003
   2.7892751983805090E-003
   2.7932110919366162E-003
   2.8030244785034919E-003
   2.8148841065452606E-003
   2.8245433193643003E-003
   2.8324020661416307E-003
   2.8376364143667455E-003
   2.8398222648229215E-003
   2.8435890357876603E-003
   2.8490544231009871E-003
   2.8562121856472271E-003
   2.8657073585259094E-003
   2.8757642246570428E-003
   2.8869952488028094E-003
   2.8967368445472074E-003
   2.9008218284287410E-003
   2.8981385000221085E-003
   2.8968825913637383E-003
   2.9064489606864851E-003
   2.9203726731272424E-003
   2.9088927913066410E-003
   2.9206831916691453E-003
   2.9339013996512353E-003
   2.9429964990763269E-003
   2.9465145542185902E-003
   2.9453025912326023E-003
   2.9437898687788501E-003
   2.9412362100068074E-003
   2.9363848814999609E-003
   2.9314583861453931E-003
   2.9286161839430910E-003
   2.9285582184583633E-003
   2.9311022494006049E-003
   2.9364474773472399E-003
   2.9381792828593887E-003
   2.9335898963146322E-003
   2.9261401787287760E-003
   2.9190018819177351E-003
   2.9126127103383027E-003
   2.9094039506056043E-003
   2.9106024679678563E-003
   2.9122122814830595E-003
   2.9108534674804560E-003
   2.9087531780216678E-003
   2.9057606476879153E-003
   2.8992974571088056E-003
   2.8913223293360025E-003
   2.8861261216431176E-003
   2.8835852960421298E-003
   2.8812782238392667E-003
   2.8784492660092866E-003
   2.8821001947482113E-003
   2.9159774326335329E-003
   3.0072137676146094E-003
   2.9013846954758027E-003
   2.8401389875565355E-003
   2.8090688547568869E-003
   2.7796816659180212E-003
   2.7545138962424558E-003
   2.7367534763415528E-003
   2.7270081735357699E-003
   2.7454063165606719E-003
   2.8412239289423626E-003
   2.7458928493398088E-003
   2.6896668933163058E-003
   2.6591330639475904E-003
   2.6371979421563954E-003
   2.6182779120213434E-003
   2.6058293319100524E-003
   2.5823728130760630E-003
   2.5557088957214665E-003
   2.5588755786539585E-003
   2.5559964191499687E-003
   2.5543982067842046E-003
   2.5546281519050794E-003
   2.5537237358209783E-003
   2.5560328074000992E-003
   2.5578109410786527E-003
   2.5613680190606555E-003
   2.5671126691472331E-003
   2.5720766534431242E-003
   2.5788478930962883E-003
   2.5960688936168732E-003
   2.6027056566334059E-003
   2.5879605924530196E-003
   2.5842192820109220E-003
   2.5836953119560717E-003
   2.5816437623917146E-003
   2.5813871227598211E-003
   2.5855135824572910E-003
   2.5860778269601449E-003
   2.5834856586171855E-003
   2.5835655776218851E-003
   2.5832738765561390E-003
   2.5795540204137002E-003
   2.5773253384874361E-003
   2.5724426483828807E-003
   2.5702884036179602E-003
   2.5627891276071781E-003
   2.5647871519279110E-003
   2.5663408484632197E-003
   2.5694058833428566E-003
   2.5710759507703734E-003
   2.5726883975849060E-003
   2.5741847499283223E-003
   2.5741639873976090E-003
   2.5764463371806094E-003
   2.5812442068840983E-003
   2.5856591180167948E-003
   2.5871865729837793E-003
   2.5868891036979831E-003
   2.5865299000471425E-003
   2.5894544140377660E-003
   2.5862378156363570E-003
   2.5842521816169793E-003
   2.5814753170179351E-003
   2.5785618809335974E-003
   2.5773333762437742E-003
   2.5777841679644874E-003
   2.5812472676933120E-003
   2.5871959542637176E-003
   2.5963670701915848E-003
   2.6059437765399299E-003
   2.6093294466667219E-003
   2.6073678149220046E-003
   2.6039376667714798E-003
   2.5995745051602091E-003
   2.5958078398608613E-003
   2.5934765746232573E-003
   2.5913729609901228E-003
   2.5878266046214307E-003
   2.5824486425627801E-003
   2.5763915971248157E-003
   2.5725888039500474E-003
   2.5721243926043694E-003
   2.5721620234414140E-003
   2.5734258685699615E-003
   2.5784193726432775E-003
   2.5991257578808864E-003
   2.6920569479708550E-003
   2.7425304912141149E-003
   2.6158461682713853E-003
   2.5681205290924648E-003
   2.5418107566417469E-003
   2.5226220517378410E-003
   2.5152901034548119E-003
   2.5270155466763297E-003
   2.5363637784754606E-003
   2.5118314831911255E-003
   2.5055873655613430E-003
   2.5067368141929963E-003
   2.5112357200891429E-003
   2.5198071551204115E-003
   2.5305945256304438E-003
   2.5420993224239889E-003
   2.5542403489229966E-003
   2.5752827031676959E-003
   2.6078653707361644E-003
   2.5950837975345521E-003
   2.5937686280203208E-003
   2.5962594437407729E-003
   2.6022731038382110E-003
   2.6103862788714846E-003
   2.6156532959297472E-003
   2.6140266527131632E-003
   2.6238241458308720E-003
   2.6321349084707899E-003
   2.6401190245252952E-003
   2.6492736010985752E-003
   2.6592156919432440E-003
   2.6693712102923515E-003
   2.6816276368593814E-003
   2.7032553429014823E-003
   2.7661700010999479E-003
   2.7494619694305349E-003
   2.7090335320311409E-003
   2.6942171481571715E-003
   2.6860027646371486E-003
   2.6815727257556536E-003
   2.6811044781536370E-003
   2.6820575320037478E-003
   2.6807319350589747E-003
   2.6799983086131509E-003
   2.6781743675057200E-003
   2.6749953827894415E-003
   2.6719657577877467E-003
   2.6735305039216686E-003
   2.6808590901023104E-003
   2.6861475909858122E-003
   2.6911957945212730E-003
   2.6911333815318019E-003
   2.6899784781789201E-003
   2.6907121580821329E-003
   2.6907612776925368E-003
   2.6928723629800143E-003
   2.7003096120745244E-003
   2.7062664356197579E-003
   2.7084147186332329E-003
   2.7101734052040515E-003
   2.7119645607482320E-003
   2.7019978674984626E-003
   2.7013939389665368E-003
   2.6975292756733636E-003
   2.6933851702789927E-003
   2.6900196542536349E-003
   2.6855127032050130E-003
   2.6850781154185827E-003
   2.6896592520562332E-003
   2.6933717955500256E-003
   2.6915673539959751E-003
   2.6857787844493971E-003
   2.6784192784036704E-003
   2.6711460337363745E-003
   2.6627060589085021E-003
   2.6559461729819536E-003
   2.6519012942977740E-003
   2.6499229957341591E-003
   2.6480808907697012E-003
   2.6449990726948040E-003
   2.6440313075213940E-003
   2.6434170616515249E-003
   2.6407223878255840E-003
   2.6384631091827425E-003
   2.6353153371310796E-003
   2.6338299950695002E-003
   2.6322004288297342E-003
   2.6304534592992155E-003
   2.6288602406497859E-003
   2.6282298255097488E-003
   2.6290019571081945E-003
   2.6334221979553867E-003
   2.6480068574182202E-003
   2.6995228942594792E-003
   2.8367673043418005E-003
   2.7782479687465775E-003
   2.6468755228070367E-003
   2.5842719837895112E-003
   2.5325411978653896E-003
   2.4959665315090478E-003
   2.4636880122430923E-003
   2.4355945908896130E-003
   2.4091480819504328E-003
   2.3869089462742010E-003
   2.3692381781485871E-003
   2.3572979494490410E-003
   2.3495379931347993E-003
   2.3573875162641194E-003
   2.3578183687921663E-003
   2.3276884854468525E-003
   2.3122802411524026E-003
   2.2987140761401249E-003
   2.2871361570411574E-003
   2.2781904446911912E-003
   2.2722414987552827E-003
   2.2677922952162176E-003
   2.2623979282301900E-003
   2.2422764843849060E-003
   2.2397130914337620E-003
   2.2396393882270099E-003
   2.2396197311915929E-003
   2.2370114946806746E-003
   2.2310849358997864E-003
   2.2268568561929288E-003
   2.2235253651021023E-003
   2.2203389066198591E-003
   2.2185859378157976E-003
   2.2186381836304236E-003
   2.2212866010163476E-003
   2.2339057935480962E-003
   2.2945247892768449E-003
   2.2659459916602380E-003
   2.2316085745629046E-003
   2.2195344605747559E-003
   2.2121223620647245E-003
   2.2115853867950177E-003
   2.2123105671856989E-003
   2.2078007714625364E-003
   2.2148537721892992E-003
   2.2219865880057843E-003
   2.2319830300707301E-003
   2.2420977207203508E-003
   2.2547943921783337E-003
   2.2702779377233198E-003
   2.2850887027195651E-003
   2.2995585028748647E-003
   2.3155731220799313E-003
   2.3327836293703334E-003
   2.3503628046043232E-003
   2.3687174712900038E-003
   2.3882711513450883E-003
   2.4103775183855931E-003
   2.3888524206633131E-003
   2.4056663315018931E-003
   2.4215837431921434E-003
   2.4375057181983220E-003
   2.4522434366606579E-003
   2.4656005420533689E-003
   2.4773506722177863E-003
   2.4858857779107061E-003
   2.4941948010297225E-003
   2.5033341561258894E-003
   2.5117541928231010E-003
   2.5212460663829699E-003
   2.5298468498181678E-003
   2.5341183259133490E-003
   2.5333312837874842E-003
   2.5320393148175776E-003
   2.5322951784925518E-003
   2.5335224581591255E-003
   2.5354329816926618E-003
   2.5400025086113947E-003
   2.5439248936881642E-003
   2.5463697346507163E-003
   2.5505536196626108E-003
   2.5548066714885000E-003
   2.5579085743452248E-003
   2.5626162377610493E-003
   2.5681056367541908E-003
   2.5746506506858801E-003
   2.5815206783715143E-003
   2.5851183831750568E-003
   2.5881730772162673E-003
   2.5929731282473651E-003
   2.5987471025747406E-003
   2.6051286390712390E-003
   2.6159757596644607E-003
   2.6382976987869913E-003
   2.7186685623040120E-003
   2.7047798199960351E-003
   2.6778835719628276E-003
   2.7576143772423240E-003
   2.6987945468814421E-003
   2.6269167658209375E-003
   2.5892671046318871E-003
   2.5622923502029681E-003
   2.5399729828179743E-003
   2.5230358561193172E-003
   2.5105693255287006E-003
   2.4981704296618942E-003
   2.4876995548343997E-003
   2.4810227176171452E-003
   2.4738153506918352E-003
   2.4832658805295942E-003
   2.5760892036532260E-003
   2.5082020838552827E-003
   2.4345889909890505E-003
   2.3951770292296708E-003
   2.3660085852404448E-003
   2.3433255187542941E-003
   2.3241326721092151E-003
   2.3083824017043910E-003
   2.2996310074874103E-003
   2.2661189549692748E-003
   2.2276754913720196E-003
   2.2241359451624127E-003
   2.2196255141071954E-003
   2.2141747516318854E-003
   2.2067051658910546E-003
   2.1978929757907094E-003
   2.1908241564580992E-003
   2.1854059416524766E-003
   2.1833410130048668E-003
   2.1884560937271941E-003
   2.2011528157446828E-003
   2.2755272885575484E-003
   2.2177736785239958E-003
   2.1612511158144374E-003
   2.1299582071722316E-003
   2.1083631909131627E-003
   2.0892679157956560E-003
   2.0746992009115471E-003
   2.0617283062643009E-003
   2.0489099037202156E-003
   2.0378970354938534E-003
   2.0272952201827389E-003
   2.0185344687798372E-003
   2.0109117125717193E-003
   2.0046583390353908E-003
   1.9996066163234997E-003
   1.9976856478217801E-003
   1.9958828381955178E-003
   1.9923380630174794E-003
   1.9907683559721666E-003
   1.9925545276304329E-003
   1.9964268973325103E-003
   2.0016694759325401E-003
   2.0096296664752432E-003
   2.0211801165611930E-003
   2.0316805445804377E-003
   2.0051054530503937E-003
   2.0103764508382386E-003
   2.0150229262768109E-003
   2.0187602143295971E-003
   2.0183044696304915E-003
   2.0153874048115237E-003
   2.0141490934094015E-003
   2.0131465189831364E-003
   2.0116972789522621E-003
   2.0127751188428601E-003
   2.0164640156094733E-003
   2.0218185602787733E-003
   2.0279098594541784E-003
   2.0331992967044807E-003
   2.0374274676824406E-003
   2.0412877748674555E-003
   2.0457041766538454E-003
   2.0515137836912482E-003
   2.0578660889394203E-003
   2.0640268969812641E-003
   2.0702762104707327E-003
   2.0772396911773092E-003
   2.0841153859791268E-003
   2.0908207669601718E-003
   2.0983666853832700E-003
   2.1068898770778078E-003
   2.1165376728106947E-003
   2.1273480320526455E-003
   2.1451281449609639E-003
   2.1922030466415003E-003
   2.2980972056445897E-003
   2.2416541020648813E-003
   2.1994414932211596E-003
   2.1851082177473031E-003
   2.1849998409881896E-003
   2.2326299768641749E-003
   2.1948685478552178E-003
   2.1539338972619841E-003
   2.1354359151412581E-003
   2.1230313372934797E-003
   2.1128558713499569E-003
   2.1039154529878677E-003
   2.0986812090150668E-003
   2.0980096809730350E-003
   2.0978759491793466E-003
   2.0994219371937074E-003
   2.0989518642599882E-003
   2.0997431159090435E-003
   2.1023154465242447E-003
   2.1088011604116258E-003
   2.1349375518646269E-003
   2.1545750434882175E-003
   2.1238872882071596E-003
   2.1113421102271772E-003
   2.1041455387673124E-003
   2.1010279304139136E-003
   2.1014212085496207E-003
   2.0972420532249869E-003
   2.0778726388920483E-003
   2.0816461511517859E-003
   2.0958057678832679E-003
   2.1473727012949360E-003
   2.1646293863687993E-003
   2.1028750465095138E-003
   2.0775880499109317E-003
   2.0596197239020272E-003
   2.0447973282487469E-003
   2.0348443452798183E-003
   2.0267044068391325E-003
   2.0211590020143004E-003
   2.0195569404153116E-003
   2.0224305359827170E-003
   1.9983351249723527E-003
   1.9833748268429188E-003
   1.9825239644931285E-003
   1.9817117961556481E-003
   1.9800626846512770E-003
   1.9817332090330186E-003
   1.9849489636494400E-003
   1.9868809699811647E-003
   1.9894088837339786E-003
   1.9935455602956369E-003
   1.9957944011326431E-003
   1.9967342394868384E-003
   1.9981345323775539E-003
   1.9993394056154233E-003
   2.0004987971974203E-003
   2.0007316407105371E-003
   2.0016688829363086E-003
   2.0052870716652086E-003
   2.0125376952679986E-003
   2.0119886112275514E-003
   1.9842733054967298E-003
   1.9910676953776392E-003
   1.9982333434403060E-003
   2.0052362569922544E-003
   2.0119596305766254E-003
   2.0212655628574481E-003
   2.0307279899139043E-003
   2.0396438172605538E-003
   2.0474902413934615E-003
   2.0547258603055927E-003
   2.0618328094903575E-003
   2.0686280211514004E-003
   2.0748339456877637E-003
   2.0790241630539415E-003
   2.0820455122808287E-003
   2.0843563318584135E-003
   2.0856790179547909E-003
   2.0874787457072059E-003
   2.0893070321981949E-003
   2.0923915530591639E-003
   2.0969450720053425E-003
   2.0994213628097009E-003
   2.1018975730056834E-003
   2.1127205272208249E-003
   2.1705427250383207E-003
   2.1741210909830642E-003
   2.1195220113312723E-003
   2.0989152338682167E-003
   2.0905611354398025E-003
   2.0801748626879486E-003
   2.0566344084401111E-003
   2.0359465803392787E-003
   2.0186971178008397E-003
   2.0074627698494622E-003
   1.9999994008205032E-003
   1.9938225934387132E-003
   1.9873056825604088E-003
   1.9815923474810781E-003
   1.9752651988540495E-003
   1.9702326278883118E-003
   1.9732126551117064E-003
   1.9997624832135069E-003
   2.0157209211863168E-003
   1.9770070034914318E-003
   1.9616505960416632E-003
   1.9534944277451033E-003
   1.9476208460682814E-003
   1.9460560566466896E-003
   1.9475871493954584E-003
   1.9174892330531561E-003
   1.9086251656954736E-003
   1.9097601175239770E-003
   1.9108710111701091E-003
   1.9109582197539075E-003
   1.9115169950558114E-003
   1.9150436665136342E-003
   1.9212489964488791E-003
   1.9299564835757821E-003
   1.9422389702498334E-003
   1.9693896218166396E-003
   2.0129978406180208E-003
   1.9850538787767554E-003
   1.9810940731500677E-003
   1.9833509305792908E-003
   1.9884155130901306E-003
   1.9927666646510664E-003
   1.9954094724128897E-003
   1.9997381399556829E-003
   2.0013983321382966E-003
   2.0020723496801261E-003
   2.0041175398950238E-003
   2.0045615423734736E-003
   2.0046412118784286E-003
   2.0054915233609530E-003
   2.0042338072260532E-003
   1.9975969590465279E-003
   1.9968763190644904E-003
   1.9951101389391770E-003
   1.9951377081413126E-003
   1.9968909884340172E-003
   1.9981675844389776E-003
   1.9998172777195601E-003
   2.0027741944691822E-003
   2.0053930176307591E-003
   2.0090032805748790E-003
   1.9804599129308606E-003
   1.9740632328133926E-003
   1.9678461689268457E-003
   1.9610932995805155E-003
   1.9549566705780036E-003
   1.9511449526772081E-003
   1.9483141534115467E-003
   1.9458686214564628E-003
   1.9455575288455115E-003
   1.9451159808647838E-003
   1.9417006445931659E-003
   1.9353944143108838E-003
   1.9281314838713033E-003
   1.9214865383646192E-003
   1.9159108489970082E-003
   1.9123355490002348E-003
   1.9107637937843410E-003
   1.9115894240466192E-003
   1.9148447232209384E-003
   1.9195156322068297E-003
   1.9252832596030405E-003
   1.9331749499371363E-003
   1.9429617663792977E-003
   1.9544426530885739E-003
   1.9679900895733403E-003
   1.9838507579354797E-003
   2.0007400904030106E-003
   2.0165622802491507E-003
   2.0319167630696274E-003
   2.0499664732635185E-003
   2.0709754609598468E-003
   2.0923514783955008E-003
   2.1142995480672956E-003
   2.1414114310247308E-003
   2.1912822907889031E-003
   2.3035691998212859E-003
   2.2239622217645728E-003
   2.1985774167168374E-003
   2.1912089657405414E-003
   2.1924753854544242E-003
   2.1866865539832310E-003
   2.1884742193438896E-003
   2.1911674828472647E-003
   2.1922323589140982E-003
   2.1928850054738786E-003
   2.1954698978245966E-003
   2.1988998373197693E-003
   2.2039093375311953E-003
   2.2103986703554158E-003
   2.2278913852108216E-003
   2.3070567578629248E-003
   2.4245622556231159E-003
   2.2518730708873331E-003
   2.1850633583252741E-003
   2.1440264529983153E-003
   2.1111293075345315E-003
   2.0866511149724310E-003
   2.0645800927058299E-003
   2.0508668409022395E-003
   2.0426574264155056E-003
   2.0453720377184266E-003
   1.9484669960226568E-003
   1.9343515088202081E-003
   1.9344733475651938E-003
   1.9360356646066724E-003
   1.9366410298061003E-003
   1.9379172547334706E-003
   1.9408531112934547E-003
   1.9431746812166757E-003
   1.9448995760651139E-003
   1.9481803093383946E-003
   1.9547744597679930E-003
   1.9702274760684691E-003
   2.0295630416498319E-003
   2.0051811863527947E-003
   1.9726431439631895E-003
   1.9568309206279733E-003
   1.9550753988136172E-003
   1.9586721777645139E-003
   1.9654304634126067E-003
   1.9718006695481254E-003
   1.9784825872061493E-003
   1.9841290794274120E-003
   1.9875551799700807E-003
   1.9927601776049014E-003
   1.9996091169772177E-003
   2.0064015428837177E-003
   2.0157118269348933E-003
   2.0250312162309260E-003
   2.0333869693832784E-003
   2.0411463361040597E-003
   2.0474523364830944E-003
   2.0436011737146971E-003
   2.0465799555984556E-003
   2.0549870539942664E-003
   2.0665519729486668E-003
   2.0807270491202518E-003
   2.0959339428844614E-003
   2.1095494940338516E-003
   2.1191877823018334E-003
   2.1243416417192199E-003
   2.1274092948839387E-003
   2.1297935639206567E-003
   2.1325846947038967E-003
   2.1382387699570744E-003
   2.1447784307863232E-003
   2.1518886456286606E-003
   2.1583321201848831E-003
   2.1628805791372202E-003
   2.1656893572507673E-003
   2.1674626371206772E-003
   2.1695893477976630E-003
   2.1731750751023816E-003
   2.1777998153136011E-003
   2.1822180229181462E-003
   2.1859910388915748E-003
   2.1894369744501854E-003
   2.1898785927941555E-003
   2.1864460744077828E-003
   2.1811615498413023E-003
   2.1740456320728570E-003
   2.1654217175002539E-003
   2.1565261390832833E-003
   2.1474054570257179E-003
   2.1388673952782342E-003
   2.1309247681291247E-003
   2.1237342182928356E-003
   2.1201051552782782E-003
   2.1304780664564639E-003
   2.1883987229201346E-003
   2.1603199881726279E-003
   2.1158777622514399E-003
   2.0953454147571229E-003
   2.0814010880941445E-003
   2.0721785047613790E-003
   2.0670634466064472E-003
   2.0650200178452490E-003
   2.0650604839759657E-003
   2.0679321710632961E-003
   2.0715973499802216E-003
   2.0684720694306830E-003
   2.0650734950136431E-003
   2.0629749380154283E-003
   2.0643818500832179E-003
   2.0691911613169457E-003
   2.0748737943264983E-003
   2.0807482336257042E-003
   2.0922246625295700E-003
   2.1305001589618094E-003
   2.2324291828108920E-003
   2.1658247232527743E-003
   2.1255623424709445E-003
   2.1003254479002088E-003
   2.0841602767199372E-003
   2.0747569791703833E-003
   2.0676587273745417E-003
   2.0648019203004134E-003
   2.0500253729540644E-003
   1.9929630603633575E-003
   1.9882052511885975E-003
   1.9957174604516162E-003
   2.0279329431552432E-003
   2.0260176106205955E-003
   1.9947155163613306E-003
   1.9827800614078085E-003
   1.9752048144351872E-003
   1.9691492198423109E-003
   1.9638471886252351E-003
   1.9586796223791964E-003
   1.9544643997987960E-003
   1.9516490170155547E-003
   1.9464447917389980E-003
   1.9448727471986268E-003
   1.9433150456496296E-003
   1.9424541283864479E-003
   1.9410765040181936E-003
   1.9393314005118150E-003
   1.9391527069285068E-003
   1.9357695769847162E-003
   1.9379350322562016E-003
   1.9428223344770484E-003
   1.9495645747837932E-003
   1.9560007492946479E-003
   1.9610272486149188E-003
   1.9672852679882102E-003
   1.9760596940790374E-003
   1.9853623337507628E-003
   1.9959415825201452E-003
   2.0083051538236736E-003
   2.0230808330765895E-003
   2.0124324438938585E-003
   2.0123570705939333E-003
   2.0200706819647704E-003
   2.0303319549953118E-003
   2.0429779201973823E-003
   2.0560635582464615E-003
   2.0665183771962077E-003
   2.0751116318079000E-003
   2.0842422279313201E-003
   2.0930447791644977E-003
   2.1010599857436015E-003
   2.1101759581111340E-003
   2.1192584769345476E-003
   2.1293333676239545E-003
   2.1397191560778056E-003
   2.1477136647668660E-003
   2.1532653867580784E-003
   2.1580355891509585E-003
   2.1640643288406850E-003
   2.1726529213662825E-003
   2.1813918653455959E-003
   2.1884907374878459E-003
   2.1941745413461278E-003
   2.2010950040882615E-003
   2.2142442550280527E-003
   2.2463179507989741E-003
   2.2284214756495683E-003
   2.2192117940413353E-003
   2.2185779908350375E-003
   2.2203960534303699E-003
   2.2248835025241412E-003
   2.2278504074885476E-003
   2.2282057776055269E-003
   2.2299314247868512E-003
   2.2407474744437516E-003
   2.2423464597829236E-003
   2.2355248525694903E-003
   2.2366952014923201E-003
   2.2387412093674425E-003
   2.2386875062745584E-003
   2.2386869224731085E-003
   2.2418213165549981E-003
   2.2486362048607799E-003
   2.2670240750063075E-003
   2.3235641061891779E-003
   2.3475960663125414E-003
   2.3040739987457274E-003
   2.2957087810613259E-003
   2.2944540490644795E-003
   2.2950375358091559E-003
   2.3007522124383773E-003
   2.2832936163186841E-003
   2.2608153809561323E-003
   2.2693988817129051E-003
   2.2766113396287522E-003
   2.2873779093710920E-003
   2.3230052382334117E-003
   2.3457841414089497E-003
   2.3091733335718003E-003
   2.2983362680531823E-003
   2.2916482315829744E-003
   2.2852910828788601E-003
   2.2788558225580518E-003
   2.2767725164226128E-003
   2.2747414109224738E-003
   2.2694516969328023E-003
   2.2654133923969773E-003
   2.2634757734554685E-003
   2.2592239100992129E-003
   2.2560013998824424E-003
   2.2550982329415888E-003
   2.2530030482452923E-003
   2.2472249932570351E-003
   2.2408210065830063E-003
   2.2357274782790646E-003
   2.2308614075203436E-003
   2.2274931300459806E-003
