   3.4860309937209788E-002
   8.9504338421785602E-003
   7.0246823270456648E-003
   9.8248463376168996E-003
   1.1269168936538586E-002
   1.1734721043133561E-002
   1.2231695629906999E-002
   1.3815799642854726E-002
   1.0027871841858091E-002
   8.9820128350804971E-003
   8.2995741837497677E-003
   7.5638883170930675E-003
   8.5301857735915459E-003
   7.3367634542501762E-003
   7.2333222078821147E-003
   6.9172867032069388E-003
   6.9913042430867359E-003
   7.8124756758510645E-003
   7.0881882105056368E-003
   7.5522773858110346E-003
   6.9468505126362426E-003
   7.3547742761654713E-003
   7.3820705993913509E-003
   5.9571443630672761E-003
   6.5354119858766135E-003
   7.5409631249810519E-003
   8.2642878157880122E-003
   8.0803575498599005E-003
   8.2433055083515217E-003
   6.9167104785456150E-003
   7.1720471336847221E-003
   8.2609718828074077E-003
   6.2300511815437032E-003
   7.3819686928803044E-003
   5.8099754039493568E-003
   5.8565413101500687E-003
   6.8680202213089563E-003
   7.9605870805612069E-003
   7.6421019588049470E-003
   8.1509864547092310E-003
   7.2509424455201909E-003
   5.9683068472167937E-003
   6.9445653952059389E-003
   7.3055118769873176E-003
   8.4493413372443739E-003
   6.9088003650487522E-003
   6.6513457151443477E-003
   6.5587564776182260E-003
   6.0583646163804199E-003
   6.2956952850880907E-003
   8.0957433721364058E-003
   9.6175515932086057E-003
   9.7037709819140644E-003
   8.5178031539824110E-003
   9.0899714554870011E-003
   7.6390800556034649E-003
   7.6090083124688047E-003
   5.4321133108758647E-003
   5.6959892635233423E-003
   5.5693066999989950E-003
   5.9136856732561385E-003
   5.8892508114538646E-003
   7.5374382956216717E-003
   7.9158478895447366E-003
   6.9737872463546272E-003
   6.1722043853487127E-003
   7.3171573893471512E-003
   7.4854541333973902E-003
   7.6726728595337985E-003
   7.1473006491798328E-003
   8.0810772891396591E-003
   5.6320295883885924E-003
   4.4754268985594883E-003
   4.3475949524927771E-003
   4.4980854859629988E-003
   5.0722055140353904E-003
   5.1265062786952460E-003
   4.3079615432886796E-003
   4.6194547058982715E-003
   4.7695687564302076E-003
   4.1097142197794572E-003
   4.4590918036783800E-003
   4.1133537840226699E-003
   3.9431822497968741E-003
   3.8299830458742921E-003
   3.7547891546267495E-003
   3.9397308885508247E-003
   4.1562351953965456E-003
   4.3589378653790404E-003
   3.5498310880806099E-003
   3.6958340430507551E-003
   3.3708364613744494E-003
   3.7652894160736510E-003
   4.0290620217091153E-003
   4.0669544571070807E-003
   4.1044396625680435E-003
   3.9371681110081285E-003
   3.9409447933698404E-003
   3.8718627946434290E-003
   3.6738660884237133E-003
   4.2051618380171702E-003
   4.5966251451208988E-003
   4.8015051392410772E-003
   5.7344577851580203E-003
   5.3414840992605014E-003
   4.3387537278961408E-003
   3.6352832455014291E-003
   3.7217260180376138E-003
   3.8155090335380655E-003
   3.6191055485532042E-003
   3.9691690079594472E-003
   3.8136179318818395E-003
   3.7486249497181759E-003
   3.6603274260379411E-003
   4.0255068124358216E-003
   3.9618302675116261E-003
   3.3894913356953935E-003
   3.6462453635903178E-003
   3.4063819268615593E-003
   3.4686322867368540E-003
   3.2426979093594138E-003
   3.2660910537360482E-003
   3.3125551615562497E-003
   3.4303113650597174E-003
   3.6267988388504931E-003
   3.4879703840235360E-003
   3.1741730653809972E-003
   3.0714020946337249E-003
   3.2832140612933194E-003
   2.9795048322256517E-003
   3.2366860153534966E-003
   3.2848493692290222E-003
   3.1011252163073520E-003
   3.3975192092418169E-003
   3.0427380176887594E-003
   2.9625511190629495E-003
   2.9088524426174565E-003
   2.9355104968918637E-003
   2.9446042064690640E-003
   3.1697312845427872E-003
   3.1399026870458173E-003
   3.0193849381823616E-003
   3.2817104282065494E-003
   3.0278436671991589E-003
   2.8477674844125432E-003
   3.2353955365399109E-003
   3.6052770079716620E-003
   3.5972401942875828E-003
   3.5864764994267659E-003
   3.4112637168411401E-003
   3.1014309843951766E-003
   3.1368056029131126E-003
   3.0625242458591031E-003
   2.9955853455293415E-003
   3.0786907238181467E-003
   3.2380083518390424E-003
   3.3190876242820055E-003
   3.4088979853289080E-003
   3.5939988696821611E-003
   3.2306679202872761E-003
   3.2302665466059904E-003
   3.0455410094316565E-003
   2.8582319691385612E-003
   2.9115975863300901E-003
   2.8465425916993892E-003
   2.7860981436881988E-003
   2.7267412154994087E-003
   2.7703490779190285E-003
   2.8914282359425018E-003
   2.8775918495074163E-003
   2.7980757305992444E-003
   2.8091591104087237E-003
   2.6836830434610408E-003
   2.4465485720065626E-003
   2.5239704590925638E-003
   2.5719749180754302E-003
   2.6267550771254542E-003
   2.4963313392230230E-003
   2.5622337295022500E-003
   2.9431925609130190E-003
   2.6857547413217200E-003
   2.5936650588876506E-003
   2.4907009852064613E-003
   2.4970030038582330E-003
   2.6382795677262301E-003
   2.7630230180559598E-003
   2.6053905138725716E-003
   2.5714906864686433E-003
   2.5956937842662080E-003
   2.4966108132954269E-003
   2.5432718794571015E-003
   2.6963891881760893E-003
   2.8624623030092662E-003
   2.8747148922833744E-003
   2.7457619533349719E-003
   2.6983842117443953E-003
   2.9576936862200508E-003
   3.0445389514278933E-003
   2.7724615507518477E-003
   2.5449287105895873E-003
   2.5259641955374230E-003
   2.5024219532277835E-003
   2.5178763303579273E-003
   2.3775947918810848E-003
   2.2520904124959090E-003
   2.3451433904377503E-003
   2.4101540562309121E-003
   2.3671216491169609E-003
   2.4363734013164969E-003
   2.4613968916221622E-003
   2.3809270300583800E-003
   2.5582874198359592E-003
   2.5551534781326816E-003
   2.4576723595240019E-003
   2.4637646952742152E-003
   2.5870277540400864E-003
   2.7173392021361976E-003
   2.6533169938949713E-003
   2.5356074796562635E-003
   2.3112570700693602E-003
   2.3334832229447507E-003
   2.5610417682748261E-003
   2.7220481401497875E-003
   2.8863826285352289E-003
   2.7764123197793222E-003
   3.0960912897832816E-003
   3.0642149972737193E-003
   3.0769311652875989E-003
   3.3954581340708847E-003
   3.2765037784392415E-003
   3.1672118029152587E-003
   3.0582038884882580E-003
   3.2697393643438943E-003
   3.3091086028854875E-003
   3.0866715293265110E-003
   2.8316258525282641E-003
   2.7091917631903179E-003
   2.8928774390026739E-003
   3.0781442239547104E-003
   3.0171841088912563E-003
   3.1761291001544726E-003
   2.9854270147944700E-003
   3.0103082758344965E-003
   3.0219172686024665E-003
   3.0029693210044338E-003
   3.2343699747832788E-003
   3.2656786805186511E-003
   3.6966746983617170E-003
   3.8965147184513273E-003
   3.8116499138888078E-003
   4.0091015215689314E-003
   3.9454123610758824E-003
   4.1491709123005057E-003
   3.5845379259372640E-003
   3.5743959450044147E-003
   2.5541535015283314E-003
   2.3981538693910527E-003
   2.3416916597600096E-003
   2.5742522174269367E-003
   2.5985218207338415E-003
   2.6727059134194747E-003
   2.7172355153598643E-003
   2.8313941568478360E-003
   3.0043995663952289E-003
   2.7670865595112101E-003
   2.6165257559672230E-003
   2.7217802914967153E-003
   2.7361188623333346E-003
   2.8162885036353675E-003
   2.9917888807664268E-003
   2.9528624517756144E-003
   3.1700061493016725E-003
   2.8525631776002034E-003
   2.9388570484798716E-003
   2.9584933598427424E-003
   2.8311937582964908E-003
   3.0031890210259001E-003
   3.0327159298639281E-003
   2.8546769129304561E-003
   2.5645516167536468E-003
   2.4588480641167458E-003
   2.6239360856044917E-003
   2.5283630424969171E-003
   2.3794985492149503E-003
   2.4770049586236948E-003
   2.6942224413287431E-003
   2.6173156117713322E-003
   2.7681004211624694E-003
   2.9349429961985142E-003
   2.7666908985437551E-003
   2.9484631954314151E-003
   2.7500833140333956E-003
   2.7104784699261276E-003
   2.7572977301084990E-003
   3.0108770377926509E-003
   3.5662682870342510E-003
   3.2141667668369282E-003
   3.4223541483204998E-003
   3.2237613031384730E-003
   3.4517325064048116E-003
   3.4571938598672858E-003
   3.0006880232065648E-003
   2.8652185015180021E-003
   2.8065463202620326E-003
   2.8474457535104820E-003
   2.8209404494059908E-003
   2.9425716990788844E-003
   2.9715499632354645E-003
   2.7647639750840334E-003
   2.8899014954792425E-003
   2.9419786265420431E-003
   2.9132628015246741E-003
   2.7887031654962682E-003
   2.9352166287974911E-003
   3.0602129760966116E-003
   3.2606272827197056E-003
   2.9293196207569646E-003
   3.0240598097574086E-003
   2.7814666999846668E-003
   2.9393853219340516E-003
   2.9738465459879537E-003
   3.1464963593764465E-003
   2.7839271851782862E-003
   2.9418438882267573E-003
   2.8220177569738846E-003
   2.5157857248293493E-003
   2.6626995348159382E-003
   2.4149983420768237E-003
   2.5044399794571935E-003
   2.5106130706574596E-003
   2.4157284505989807E-003
   2.5642552718263740E-003
   2.4962698955831890E-003
   2.3624906022458683E-003
   2.3212553545901553E-003
   2.3527012707958385E-003
   2.3209703163868424E-003
   2.2814569728308001E-003
   2.1408758405620084E-003
   2.0922611195809669E-003
   2.2590286808883619E-003
   2.3120926726279958E-003
   2.1169089872929842E-003
   2.1301348091509139E-003
   2.1721740369305162E-003
   2.3623221125137319E-003
   2.5283226553909294E-003
   2.8407159809251937E-003
   3.0254911104086722E-003
   3.2342126350266543E-003
   3.5970901968509299E-003
   3.8304622583579737E-003
   4.1663315353404227E-003
   4.0784206769581373E-003
   4.5953365867521506E-003
   3.5626807397925778E-003
   3.7213379728473065E-003
   3.7810445649157096E-003
   2.9155629736135123E-003
   2.6316508601001124E-003
   2.5352987711646986E-003
   2.7465228120666174E-003
   2.7468971342063664E-003
   2.6341813354813022E-003
   2.8113001269992133E-003
   2.6812737327586221E-003
   2.8756590401804545E-003
   2.8126095572740839E-003
   2.9714941535461119E-003
   2.9735137170048224E-003
   2.9399850882736553E-003
   2.9044813115747833E-003
   2.9372262936328704E-003
   2.9430797382880890E-003
   3.0963905101274421E-003
   2.9987233875473042E-003
   2.9945155369663491E-003
   2.8419088624981261E-003
   2.5900383582441624E-003
   2.4918126233839676E-003
   2.4760352463835743E-003
   2.5551131744038728E-003
   2.5075050536132017E-003
   2.4461477217092588E-003
   2.5571759065224032E-003
   2.6749396180494483E-003
   2.6791505824921781E-003
   2.4033418860916933E-003
   2.4271990743281631E-003
   2.4982773085304205E-003
   2.4908454149807045E-003
   2.3474801741695979E-003
   2.5147717896718312E-003
   2.4089583547626634E-003
   2.4615881814390446E-003
   2.4355448124918342E-003
   2.4131991491351135E-003
   2.3622201700947486E-003
   2.3704191322504687E-003
   2.4212996850061525E-003
   2.5413666881639783E-003
   2.7528632886595428E-003
   2.6279030225165377E-003
   2.8999631149261144E-003
   2.9835763809229871E-003
   3.0166423858413089E-003
   3.0385304880459828E-003
   3.0721588102458389E-003
   3.0629673906878204E-003
   3.0636577040652029E-003
   3.1304775042098904E-003
   3.0547927711760802E-003
   2.8060249277074680E-003
   2.8880086010552048E-003
   2.3605537605452679E-003
   2.0855818710745935E-003
   2.2632387726326270E-003
   2.2231520329632215E-003
   2.2777917253028932E-003
   2.3280726661943987E-003
   2.2410569484591619E-003
   2.1201141145528951E-003
   2.1667428630551236E-003
   2.1182543592569250E-003
   2.1774637090580837E-003
   2.1778491933412522E-003
   2.0221350142824650E-003
   2.0078633084052899E-003
   2.0596948780042265E-003
   2.1293427710735750E-003
   2.1671102916121774E-003
   2.3048831284721892E-003
   2.4206049826388130E-003
   2.5581343036724371E-003
   2.3212358893157864E-003
   2.5297642403626793E-003
   2.7234043074550913E-003
   2.8229928157708097E-003
   2.7649860810493470E-003
   2.9631836804540107E-003
   3.0264799716071102E-003
   2.7771276553797439E-003
   2.4708364609071862E-003
   2.4381917670509472E-003
   2.2680308023165351E-003
   2.2677392375492472E-003
   2.4436811975138001E-003
   2.3562021661622736E-003
   2.2628067081907604E-003
   2.2738348316009463E-003
   2.3525631778467345E-003
   2.4058352540995490E-003
   2.3225736974803362E-003
   2.4052237244897487E-003
   2.3804621387255062E-003
   2.4392189248640143E-003
   2.4112867203987523E-003
   2.4329044682510270E-003
   2.3645992610070313E-003
   2.4709773895952975E-003
   2.4395601564024274E-003
   2.5287926159114952E-003
   2.3376539165906830E-003
   2.2786517237108252E-003
   2.2829769096559529E-003
   2.3289934196561047E-003
   2.4436603745215846E-003
   2.5885436243768510E-003
   2.3912233856203317E-003
   2.4148309865229295E-003
   2.5459988589922157E-003
   2.6123389238706172E-003
   2.6426952794438179E-003
   2.8196382539635917E-003
   3.0195657702061104E-003
   3.1179757491426176E-003
   3.2458385703134666E-003
   3.3886328022207568E-003
   2.9393364523376711E-003
   3.0191341661247196E-003
   2.8640026670674842E-003
   2.8725876760482992E-003
   3.1032757739173967E-003
   3.1868612412514871E-003
   3.1397700338400723E-003
   3.0314666665287558E-003
   2.6113823033420509E-003
   2.4909907718670037E-003
   2.6473271232422988E-003
   2.5866235711623597E-003
   2.5652414688863826E-003
   2.6461923976568531E-003
   2.6838741289395276E-003
   2.5843559894713516E-003
   2.7015956649177999E-003
   2.6993156718811040E-003
   2.7679594432841151E-003
   2.7359478844815014E-003
   2.7844365125841834E-003
   2.7591747090305770E-003
   2.8542740405881170E-003
   2.7720976342423286E-003
   2.9385434593603883E-003
   3.0270936925305522E-003
   2.8550634261275761E-003
   2.7575242831349286E-003
   2.9577452877339355E-003
   3.1359441286373936E-003
   3.1438364098906658E-003
   3.2596812130474121E-003
   3.0440684160791326E-003
   3.1022122535767026E-003
   3.2185271516071753E-003
   2.5060363657573473E-003
   2.4142548890550173E-003
   2.4407795698631182E-003
   2.3335057000482612E-003
   2.0970966935110811E-003
   2.0752996708782215E-003
   2.1523010261530317E-003
   2.1883603208956042E-003
   2.1953197198345872E-003
   2.3551340287563997E-003
   2.4515612387599542E-003
   2.3314299734818558E-003
   2.2085075685224793E-003
   2.1304547007687498E-003
   2.1149174457307774E-003
   2.1202274006114005E-003
   2.1890908802478203E-003
   2.2908772320449360E-003
   2.1643731997854532E-003
   2.1861063317074290E-003
   2.1789603541279906E-003
   2.2482324372155773E-003
   2.5304892898332363E-003
   2.6388642350981930E-003
   2.5121039758596330E-003
   2.6313381490307140E-003
   2.6206040284654296E-003
   2.5927480793148873E-003
   2.7903198457568477E-003
   2.6814545548160384E-003
   2.4978774006336455E-003
   2.6329493966254485E-003
   2.6250243408489828E-003
   2.5305185788891283E-003
   2.3957688132899271E-003
   2.5042682903581573E-003
   2.4579463160471684E-003
   2.3510961427793990E-003
   2.4011015306796015E-003
   2.3908556611152822E-003
   2.3391569229998378E-003
   2.3442125410852890E-003
   2.3497145626729956E-003
   2.4609092938759260E-003
   2.3704434167968534E-003
   2.1511393774182957E-003
   2.0514277713083225E-003
   2.1771618899604230E-003
   2.1940637458899726E-003
   2.1223570911414521E-003
   2.0098198138367696E-003
   2.0738107042742259E-003
   2.1866295063288823E-003
   2.1781097159979338E-003
   2.3871281142932637E-003
   2.4450854569441605E-003
   2.3934333832331305E-003
   2.4692686331748638E-003
   2.3509829229753643E-003
   2.2256042764755620E-003
   2.2466201588125616E-003
   2.4012164924040423E-003
   2.2828517015980043E-003
   2.1904948383013744E-003
   2.2679032400439825E-003
   2.2953389868883675E-003
   2.3045360283237438E-003
   2.2601452115483009E-003
   2.4047870373580965E-003
   2.3454601481310545E-003
   2.5151608950987371E-003
   2.3533160266116780E-003
   2.4708450799276675E-003
   2.2043203430774719E-003
   2.1536342860266609E-003
   2.2081598646610089E-003
   2.2920670340062506E-003
   2.3055284930106920E-003
   2.4848909804982616E-003
   2.2307762141603894E-003
   2.1737079953491204E-003
   2.1565367199863901E-003
   2.2451739091695739E-003
   2.2685582304117404E-003
   2.2944967019021831E-003
   2.4456708211471135E-003
   2.3473103537062180E-003
   2.2989062476739194E-003
   2.4034612281256689E-003
   2.5155161381059236E-003
   2.4721124465631994E-003
   2.4991491209693201E-003
   2.4733400417604645E-003
   2.4649125935394694E-003
   2.3845001361253700E-003
   2.2580956168532272E-003
   2.4166810884692896E-003
   2.5880291680939523E-003
   2.6443966549653287E-003
   2.7120051927530045E-003
   2.9050209921887772E-003
   3.1126049196661949E-003
   3.1669471967485244E-003
   3.1537483822693664E-003
   3.6843911032272423E-003
   2.8492848097197826E-003
   2.9164722864853982E-003
   2.9704388972725117E-003
   2.8050450379157078E-003
   2.8382850381091724E-003
   2.7378877697799239E-003
   2.7491399311343270E-003
   2.7818667761352594E-003
   2.8861807908638452E-003
   2.6185839320359626E-003
   2.4920352555348776E-003
   2.3948641674143090E-003
   2.4599176917473216E-003
   2.3752169263468489E-003
   2.3900810411048947E-003
   2.4722650099226490E-003
   2.3827094050130884E-003
   2.4727778188790746E-003
   2.4617884540936480E-003
   2.3798914993696284E-003
   2.2158320900130530E-003
   2.1128003589709473E-003
   1.9637498324729451E-003
   1.9027779344312767E-003
   1.8515271539534491E-003
   1.8721440664883995E-003
   1.9856642570883799E-003
   2.0492961342663939E-003
   2.0947882112422067E-003
   2.1442248107059730E-003
   2.1829506261931524E-003
   2.2902633849596864E-003
   2.3169289331854358E-003
   2.5046074788660339E-003
   2.5132821000549768E-003
   2.4872794167011413E-003
   2.7742930269993170E-003
   2.8136430620464832E-003
   3.0416915542280979E-003
   3.9699487194571259E-003
   3.2848740355287003E-003
   3.1751079253311753E-003
   3.4948635823268768E-003
   3.6735459130336906E-003
   3.3350564835127484E-003
   3.2509131528264501E-003
   3.3566814805425843E-003
   3.4678234958225277E-003
   3.5521662263592276E-003
   3.6952558893677324E-003
   3.3788519342228640E-003
   2.6455435538842091E-003
   2.4276278736610288E-003
   2.3289446405742853E-003
   2.2569234184867926E-003
   2.2516658039015715E-003
   2.0974959521679972E-003
   2.2282106438743137E-003
   2.1948583701838055E-003
   2.0622945680968162E-003
   2.0959457213421623E-003
   2.1600824817698755E-003
   2.1361381264634865E-003
   2.2372809105919165E-003
   2.3183956037755773E-003
   2.3457212662294068E-003
   2.3974907868589928E-003
   2.2995541430830819E-003
   2.5637585943497003E-003
   2.7237004900832599E-003
   2.7241914369089092E-003
   2.8428358042546556E-003
   2.5876416370822232E-003
   2.2413913192628220E-003
   2.1469411348192160E-003
   2.1933464092604295E-003
   2.1981648370469264E-003
   2.3156833900380238E-003
   2.3846090773492136E-003
   2.3802356612132409E-003
   2.3587632291536486E-003
   2.3883076313354350E-003
   2.3051976627778427E-003
   2.1935296237071862E-003
   2.2664856061543992E-003
   2.4096248007670694E-003
   2.5527632744517686E-003
   2.4554469304487445E-003
   2.4930533710773913E-003
   2.6040614889089458E-003
   2.5961681348655244E-003
   2.6294681545354906E-003
   2.3132228833946710E-003
   2.2410708057568583E-003
   2.2913787931105609E-003
   2.3336374397917034E-003
   2.5086632538213641E-003
   2.6680517078108770E-003
   2.3997661307471672E-003
   2.4976673654863754E-003
   2.6394530778764240E-003
   3.1309127812655414E-003
   3.0249758984227772E-003
   2.9934046820664878E-003
   3.5285212088900144E-003
   3.4091912803605844E-003
   3.2757725888659700E-003
   3.0976791330988638E-003
   3.4293842192206188E-003
   3.4404338000916888E-003
   3.2811852673321688E-003
   3.1977046979920999E-003
   3.2749878557260356E-003
   2.6794201970994124E-003
   2.4342572410668813E-003
   2.4119653938266027E-003
   2.3931469019308938E-003
   2.2384595234258022E-003
   2.2062353622704874E-003
   2.0141844208688376E-003
   2.1384993136575724E-003
   2.3481787182247317E-003
   2.1378987506939732E-003
   2.2493847250617811E-003
   2.2618532969457209E-003
   2.2105593127023813E-003
   2.3947796860841019E-003
   2.2034938652788962E-003
   2.2891061869067639E-003
   2.4741173437172288E-003
   2.6764560626889398E-003
   2.9140300207685446E-003
   3.1722444065534518E-003
   3.9513665842746439E-003
   3.6388610361793527E-003
   3.1952856581954616E-003
   3.1829252867610972E-003
   3.1312192548454245E-003
   3.2331860553233924E-003
   3.2900997542388262E-003
   3.2851148066450910E-003
   3.9007969063026768E-003
   3.6383676515184421E-003
   3.7504603412936164E-003
   3.4991782390792073E-003
   3.2623490218242376E-003
   3.3630324156261530E-003
   3.5396300186456547E-003
   4.2299655306583753E-003
   4.5618057844516472E-003
   4.9593884403526436E-003
   5.0346238082068567E-003
   4.1212170347809012E-003
   3.9090666219374244E-003
   3.6265049935929779E-003
   3.2955564068612242E-003
   3.0823805068689392E-003
   2.7775811411246284E-003
   2.6591771653513411E-003
   2.6783177614464488E-003
   2.5480995915389414E-003
   2.4106591873542440E-003
   2.4901516637341903E-003
   2.2286674148364631E-003
   2.2167042217073208E-003
   2.2110350687558752E-003
   2.3409092409057250E-003
   2.4535111397967460E-003
   2.6585461732678735E-003
   2.8209008842527109E-003
   2.8999674276224061E-003
   2.6936127403296910E-003
   2.7059602770497866E-003
   2.7944879182610280E-003
   3.0172287695559847E-003
   3.2106615735666747E-003
   3.0291893497841863E-003
   2.8319341413135307E-003
   2.5465510409583662E-003
   2.4668397492614035E-003
   2.6347111305219965E-003
   2.6422623578498169E-003
   2.7470287601169662E-003
   2.6804362693152619E-003
   2.7536062552394594E-003
   2.9529285620785409E-003
   3.0018420240610017E-003
   2.9334066255162668E-003
   3.3077240028441131E-003
   3.4323482412420068E-003
   3.0483469220804809E-003
   2.7800611783716546E-003
   2.8680790399930236E-003
   3.0990172741477899E-003
   2.8515011149695289E-003
   2.6618437692568944E-003
   2.6160432859394624E-003
   2.8119686324692330E-003
   2.5506691528974093E-003
   2.9033397771154185E-003
   2.7571169813282990E-003
   2.7150886503416252E-003
   2.8378209733353984E-003
   2.5599029717011650E-003
   2.4410577389517656E-003
   2.5307131279848991E-003
   2.7211702809904043E-003
   3.0052572807143739E-003
   3.1806160032169808E-003
   3.2203728958867632E-003
   3.4399033037656474E-003
   3.9400296137363337E-003
   3.4604089643669954E-003
   3.3720993233427423E-003
   3.0759432866942294E-003
   3.2041932584048038E-003
   3.0282839549382176E-003
   3.4275353003232712E-003
   3.1951787167163450E-003
   3.4366065390904650E-003
   3.1679946311761399E-003
   3.0381059587463949E-003
   3.1926771412443462E-003
   3.0564530275091427E-003
   3.1200396914333748E-003
   3.1502962705090712E-003
   3.3638172602957045E-003
   3.3717075471810013E-003
   3.0058309385228160E-003
   2.9244448530005218E-003
   2.9868605850361125E-003
   2.9267134844713433E-003
   2.9559071739420867E-003
   2.9546954577357285E-003
   2.8073746792799175E-003
   2.8761995338812221E-003
   2.7987720580597850E-003
   2.8626889466647908E-003
   2.9148025863794153E-003
   3.0200885199020587E-003
   3.1842613273727091E-003
   3.5937207780220924E-003
   4.0024516385920974E-003
   4.2302253379984181E-003
   4.5309320981279134E-003
   5.3400596399164864E-003
   6.3546730633976057E-003
   5.9859825047285237E-003
   6.0066552096313978E-003
   4.7083224558003706E-003
   4.9036193792334074E-003
   4.4344387260549876E-003
   5.7417757550481891E-003
   5.5755234370578662E-003
   5.6426932857587273E-003
   5.5867454533887317E-003
   5.1759056249489725E-003
   5.3037863854078432E-003
   5.0597713242818065E-003
   5.7856485038952354E-003
   4.6138457392467906E-003
   3.9019241592038859E-003
   3.4393482160052446E-003
   3.4656733599755457E-003
   2.9047447874436926E-003
   2.8928740169153456E-003
   2.7029344460553430E-003
   2.7817228663852204E-003
   2.7514374796037662E-003
   2.7042206417054789E-003
   2.5718191120246165E-003
   2.6317164534422188E-003
   2.7084663685159097E-003
   2.8081501410912144E-003
   2.7474168621554450E-003
   2.7807006220630431E-003
   2.6318297309694178E-003
   2.6990296753888030E-003
   2.7746722247919261E-003
   2.7613841745441443E-003
   2.7229607834674619E-003
   2.7891625428058285E-003
   2.9816708225460882E-003
   3.0905611695550752E-003
   2.9810239960037853E-003
   2.9033577256711114E-003
   3.1260500499507814E-003
   3.3221496003213650E-003
   3.1403303875995720E-003
   3.1544244627689580E-003
   3.2611871363317250E-003
   3.6347088019979194E-003
   3.3204189671482611E-003
   3.5013584836671280E-003
   3.7307060762251242E-003
   3.6934610215987266E-003
   3.5070509504637809E-003
   3.3857369631871753E-003
   3.5988476192474130E-003
   3.3509006091493438E-003
   3.3564475231574243E-003
   3.7578355398974576E-003
   3.7371031221655111E-003
   3.8665294443122286E-003
   4.5288348149112173E-003
   5.8610506028110038E-003
   6.5525640105696123E-003
   6.7631094105896116E-003
   6.1834435821902147E-003
   3.6391575620084654E-003
   3.6316856128118962E-003
   3.6512584841035377E-003
   3.8804820337973002E-003
   3.6714668282421398E-003
   3.5627496220112880E-003
   3.9468776464015535E-003
   3.8988125158634858E-003
   3.7348817600313250E-003
   3.7614217914623493E-003
   3.2749630714894776E-003
   2.7130685518977462E-003
   2.6376018382056527E-003
   2.6137989936447009E-003
   2.3213863522959918E-003
   2.2553280523452072E-003
   2.1476945371041189E-003
   2.0574456719698753E-003
   2.2359768642131600E-003
   2.4735702946874342E-003
   2.4628577605831049E-003
   2.4029758657295804E-003
   2.3658520609277384E-003
   2.4293849281103140E-003
   2.4774812445815596E-003
   2.6783630373864841E-003
   2.7847079689839196E-003
   2.9021223510362613E-003
   2.7183055240811299E-003
   2.6977993516977016E-003
   2.9496423696010652E-003
   2.9565961016073269E-003
   3.0193359586109976E-003
   3.3779615919244475E-003
   3.2752217068906997E-003
   3.3610127668759837E-003
   3.4689814875147437E-003
   3.5312397936686723E-003
   3.2672685262817918E-003
   3.1545964176771615E-003
   2.9790266077257366E-003
   3.0815193436137308E-003
   3.1481986082045189E-003
   3.4258607986741045E-003
   3.1347672646167462E-003
   3.2002751585472095E-003
   3.3485550478545710E-003
   3.5919948675124588E-003
   4.2511047597949799E-003
   4.6325389178278097E-003
   4.1243230835264818E-003
   3.7522564482178767E-003
   4.0076848914966873E-003
   4.1009838241158015E-003
   3.7349462855154189E-003
   3.7751862554560377E-003
   3.5267886457118727E-003
   3.4696990957251640E-003
   3.3727850670872608E-003
   3.4431163670318454E-003
   3.4715443263325348E-003
   3.6981758655606650E-003
   3.8880837319442657E-003
   4.7622735415302035E-003
   5.1591337159179592E-003
   4.5023191431573665E-003
   3.8057456511133470E-003
   3.7402052692689352E-003
   3.1087882261524521E-003
   2.6910967144520427E-003
   2.6116376660845135E-003
   2.3495301716497901E-003
   2.3386668317004005E-003
   2.4002505345325324E-003
   2.4978787475328449E-003
   2.7277882087859851E-003
   2.5478710692661949E-003
   2.4221561604286387E-003
   2.6673213796502143E-003
   2.7900900225492709E-003
   2.6012206854198541E-003
   2.4909313494046780E-003
   2.5461337625735580E-003
   2.9645070428690741E-003
   2.7953452057716877E-003
   2.7794207410900135E-003
   2.7591891565527092E-003
   2.6971327355074506E-003
   2.6207185140646370E-003
   2.5498813201373389E-003
   2.7856277813502954E-003
   2.9365105774126444E-003
   2.8505921283214298E-003
   2.7102185793498020E-003
   3.0660771274417160E-003
   2.8133931286208622E-003
   3.0808571920873072E-003
   3.3122384595477292E-003
   3.6455761125385329E-003
   4.0480511116756561E-003
   4.2688653022140378E-003
   4.7704278536295835E-003
   5.4674369680348259E-003
   5.9290813994830622E-003
   7.0551450363854091E-003
   6.0444257240483681E-003
   7.1150502802521231E-003
   4.0706501156313165E-003
   4.4219777545005789E-003
   5.5697331881656501E-003
   4.6367995909859516E-003
   4.3517898573076667E-003
   4.6500042552969356E-003
   5.0186533122151458E-003
   7.1153154178746373E-003
   4.9133464727098269E-003
   4.0939163158313181E-003
   3.9281597805304472E-003
   3.8812097286929966E-003
   3.8887330600076752E-003
   3.2638899672660865E-003
   3.0448360316495731E-003
   2.9086328193182777E-003
   3.0494255727232505E-003
   3.0848171106472150E-003
   3.0594079499988791E-003
   3.4943488603324658E-003
   2.9232051325410752E-003
   2.7270270341094799E-003
   2.8858888401945299E-003
   3.1868423950309858E-003
   3.5255090962402827E-003
   3.4313179603299051E-003
   3.6795349737790794E-003
   3.6700614400049635E-003
   3.8439834685366457E-003
   3.1854533729766266E-003
   3.0468536043574712E-003
   3.0091330704321083E-003
   3.1111104251188245E-003
   3.4239934387834477E-003
   3.0283460014765228E-003
   3.0464555796591943E-003
   2.9681228581243339E-003
   3.3146102415990090E-003
   3.2689307336402386E-003
   2.9189227759221443E-003
   3.1039004848340919E-003
   3.4941783865604864E-003
   3.5341210644246343E-003
   3.6664505724966125E-003
   3.1923876696690594E-003
   3.3340611786033493E-003
   3.1654008106882241E-003
   3.3210342274773005E-003
   3.3697706298143689E-003
   3.4914988122025834E-003
   4.0738101958033724E-003
   4.2988396985781706E-003
   4.4171076447113685E-003
   4.2075281884873033E-003
   3.4199864517912453E-003
   3.8110928179984449E-003
   3.6383205232137731E-003
   4.3963388131734518E-003
   3.9206003933939804E-003
   3.7460242712420875E-003
   3.4902710465891341E-003
   3.7706067764929959E-003
   3.5868039423415290E-003
   3.1117331296347246E-003
   3.0852138183761740E-003
   2.8815782857374165E-003
   2.9533901700537720E-003
   3.1148220392690704E-003
   3.0938809402893327E-003
   3.0103488897020958E-003
   2.9301334161349122E-003
   2.9593097181722463E-003
   2.9744998536937891E-003
   2.9962883121328592E-003
   2.7823276986570973E-003
   2.6985841848079237E-003
   2.6645105817063026E-003
   2.8884030679011239E-003
   2.9364411640829544E-003
   3.4111742277169893E-003
   3.4718717691817726E-003
   3.2676247548904234E-003
   3.6523232432491208E-003
   3.6886378916348443E-003
   3.5756072906278878E-003
   3.9602305991350856E-003
   4.1816490391957837E-003
   4.7377923594983497E-003
   4.3891053262866079E-003
   3.9592195921361057E-003
   3.5472598276162109E-003
   3.7818193609481434E-003
   3.2247258072506625E-003
   3.2888351911967511E-003
   3.1605350723780089E-003
   2.9879152162968097E-003
   2.7455704933732100E-003
   2.8410106756165967E-003
   2.9795783986530039E-003
   3.0387828105162824E-003
   2.8121537965587894E-003
   2.9591893125991042E-003
   3.2272217238620473E-003
   2.9501183842979817E-003
   2.8570725820144215E-003
   2.8463529479828028E-003
   3.0041698585060155E-003
   3.2890561165922960E-003
   3.3216311089060233E-003
   3.0413529617837319E-003
   3.3526494889165375E-003
   3.9317848089093950E-003
   4.0349602064290290E-003
   3.7036256981181751E-003
   3.5449156254967577E-003
   3.4415058515745215E-003
   3.5760981780190476E-003
   3.3208386107667592E-003
   3.4796424684176877E-003
   3.4996270872153542E-003
   3.3057451975466294E-003
   3.5274391161798616E-003
   2.9953416592278900E-003
   3.1041384720160870E-003
   2.9297797603361217E-003
   2.8385040583389144E-003
   2.7393268490247011E-003
   2.9223285341430012E-003
   3.1951528290671549E-003
   3.3003544073225677E-003
   3.2486098216538218E-003
   3.1313951859019062E-003
   2.7392220234110955E-003
   3.0861218303989933E-003
   2.8999186093406223E-003
   2.8447200846193712E-003
   2.9985923954463467E-003
   3.0198266057151497E-003
   3.5557548116677625E-003
   3.4013347552668788E-003
   3.3518984728453790E-003
   3.3404648870975764E-003
   3.5451627187533994E-003
   4.0982306017881111E-003
   4.7389922408271803E-003
   4.5936259853249176E-003
   4.8481273248931166E-003
   3.8212766699441455E-003
   3.4224755363182684E-003
   3.3451728035509220E-003
   3.4453663603924126E-003
   3.3059457647138012E-003
   3.0325381233096463E-003
   3.1089850534245260E-003
   3.0513472641338739E-003
   2.8244371150377141E-003
   2.7466817057904282E-003
   2.5238882862517625E-003
   2.5692553114564230E-003
   2.6348755294289287E-003
   2.5585944107877159E-003
   2.5772636763731639E-003
   2.3895527818532563E-003
   2.3347648882887330E-003
   2.4521545805787784E-003
   2.3569298943680920E-003
   2.4300908008031432E-003
   2.5806668586125544E-003
   2.6959688401279134E-003
   2.6026614875575456E-003
   2.8400518812199600E-003
   2.6286084413362160E-003
   2.7324846724777977E-003
   2.8556052585180305E-003
   3.0817071347282515E-003
   3.1482728361935642E-003
   2.9632610594761974E-003
   3.1161405902165561E-003
   2.9440528142599177E-003
   2.7346743774274728E-003
   2.4898175719774347E-003
   2.5429840905486292E-003
   2.3374599793481794E-003
   2.5087572936076060E-003
   2.4223305483034060E-003
   2.4065378066869046E-003
   2.5167664808823328E-003
   2.4789009555028284E-003
   2.4437246745816535E-003
   2.4929985999989574E-003
   2.5542249071599391E-003
   2.7849446591565476E-003
   2.5281183154527249E-003
   2.5664758064864487E-003
   2.5034595579916867E-003
   2.5621523286240093E-003
   2.6076117455434418E-003
   2.4581875022160180E-003
   2.4982577866425179E-003
   2.6471649156914953E-003
   2.5559754730109757E-003
   2.7673744409808083E-003
   2.6053576031935684E-003
   2.7999906636175693E-003
   2.7587616701981307E-003
   2.9621914574761155E-003
   3.0513921331290403E-003
   2.7516504469227258E-003
   2.7921372326032137E-003
   2.6537486181585504E-003
   2.4609612571221628E-003
   2.3919836321406357E-003
   2.4311248461300651E-003
   2.2176628973507788E-003
   2.2335520264281346E-003
   2.3427916838932223E-003
   2.3332653947836916E-003
   2.4561643285499792E-003
   2.6284893023790202E-003
   2.7647136495409941E-003
   3.1552464575357276E-003
   3.3176502232559941E-003
   3.4561596505131562E-003
   3.4989727747797919E-003
   3.7910500890674104E-003
   4.8753213369407827E-003
   4.4293952421974583E-003
   4.0133038438369675E-003
   3.9326312122079004E-003
   3.9476390774767995E-003
   4.4151857340268509E-003
   4.0067241831095585E-003
   4.4644527619581023E-003
   3.8883135246534075E-003
   4.2716075932651976E-003
   3.8631452044493083E-003
   2.7655773444680344E-003
   3.0208632167010013E-003
   2.8619887923713085E-003
   2.7787966675440106E-003
   2.7051651591145638E-003
   2.8038056540243320E-003
   2.7923614485062418E-003
   2.7513820705639389E-003
   2.4741755470758615E-003
   2.4736501716088460E-003
   2.4122378441508575E-003
   2.4880076312633124E-003
   2.4556941014296191E-003
   2.4370715695268431E-003
   2.3821286121423857E-003
   2.4786288702336244E-003
   2.4158066810755466E-003
   2.4444105073010208E-003
   2.3987875602870493E-003
   2.5788115650889607E-003
   2.6056143665893774E-003
   2.8210133945210146E-003
   2.9360403100791702E-003
   3.1065372843098547E-003
   3.2293979255323940E-003
   3.3024894405474597E-003
   3.1895594470573397E-003
   3.2048202322001174E-003
   3.2160816015726380E-003
   3.4028877821554110E-003
   3.8301507908063961E-003
   3.1731326836298961E-003
   3.0853201968641195E-003
   2.9398260478161850E-003
   2.8281275981666010E-003
   2.7714867965583805E-003
   3.0230549515566896E-003
   3.1390159044676724E-003
   3.1516475781964322E-003
   3.3416658607052646E-003
   3.2338558488138954E-003
   2.9651713615205903E-003
   2.8508732201023694E-003
   2.8677506131146529E-003
   2.8817789154193542E-003
   2.9759619028013854E-003
   3.1829071768365255E-003
   3.0614674503269598E-003
   2.9952577621831871E-003
   2.8867347100902351E-003
   3.1265435867598034E-003
   3.1666922709311530E-003
   3.1185698175552178E-003
   2.9515533973897170E-003
   3.0472779388140744E-003
   3.1198717175589170E-003
   3.0239603685206957E-003
   2.8875242741372154E-003
   2.9056876707326197E-003
   3.0390844941145215E-003
   2.8147520377432866E-003
   3.2683351404983918E-003
   3.7025198120087957E-003
   3.6393200539721303E-003
   3.5229341416908823E-003
   3.6438189004582007E-003
   3.9003903184703370E-003
   4.0590898693992072E-003
   3.4873795476686484E-003
   2.8179122938484557E-003
   2.8456291929425648E-003
   3.1455706915340166E-003
   2.9228145496484419E-003
   3.0205930808250778E-003
   3.2101581786261576E-003
   3.5321714340529422E-003
   3.4081167217885010E-003
   3.3027608853138397E-003
   3.1166379864227102E-003
   3.0542156599698859E-003
   2.9027725424300753E-003
   2.9450667264875104E-003
   2.7675260372978490E-003
   2.7529987399721430E-003
   2.7679521421914021E-003
   2.6849940550920173E-003
   2.6390358985130678E-003
   2.7539308503545337E-003
   2.6678410445238679E-003
   2.8468904411275368E-003
   3.0605556813443659E-003
   2.7711573740589876E-003
   2.9062720665349200E-003
   3.1492167464873813E-003
   3.3878823647099862E-003
   3.6487415474429053E-003
   3.3691354643175624E-003
   3.2786034294197560E-003
   3.1972194394883527E-003
   3.2317239433849389E-003
   3.4145375918243816E-003
   3.8560160793741469E-003
   4.4218840398622238E-003
   4.2623909737364235E-003
   3.4751852423172565E-003
   3.4697182361888984E-003
   3.4903751050693252E-003
   3.9342334559708692E-003
   4.2362775807140065E-003
   4.3033888241927202E-003
   3.2970238792752993E-003
   3.0852388689133784E-003
   2.5332563190572635E-003
   2.3253720864304626E-003
   2.5355567917748883E-003
   2.7936535178373647E-003
   2.9740227807694762E-003
   3.1830442396825810E-003
   3.7514968705953406E-003
   3.5933671321610890E-003
   4.0881352937394595E-003
   4.3318350610663898E-003
   4.0059445967194213E-003
   4.9302365625072909E-003
   4.9740382966684355E-003
   4.4953636740726966E-003
   5.5288520841459523E-003
   2.8904179637676028E-003
   2.7138589076466722E-003
   3.1219610616636958E-003
   3.1416878643317635E-003
   3.3317449895140768E-003
   3.2416486334339847E-003
   2.7659093972144905E-003
   3.0418786208589775E-003
   3.2909734533263430E-003
   3.5795031489134705E-003
   3.3642944769416644E-003
   3.3181385902566734E-003
   3.7606761066532124E-003
   3.5535866664825762E-003
   3.4506005177015963E-003
   3.5801467608869183E-003
   3.2690528132831645E-003
   2.8555349416988962E-003
   2.9897902333462737E-003
   2.9869843787316457E-003
   2.8924317988282375E-003
   3.0198303018981795E-003
   2.8235433130848480E-003
   2.8132676974535974E-003
   2.7705511088721127E-003
   3.1237585031759353E-003
   2.9883984319049790E-003
   2.8713074443431877E-003
   2.7836067472917581E-003
   2.8238619502072466E-003
   3.1724493921945290E-003
   3.0904872554214013E-003
   2.9913858261152184E-003
   3.1153793823368047E-003
   3.3301496894840733E-003
   2.4507160634489977E-003
   2.6131623224304405E-003
   2.6178124988713420E-003
   2.9114853782153650E-003
   2.9021304677254527E-003
   2.9842022950944684E-003
   2.9156783731394439E-003
   2.9015689965293267E-003
   2.9954027879287477E-003
   2.7193984518446069E-003
   2.8390787800367211E-003
   2.9986771680053760E-003
   2.7876080440752747E-003
   2.7046493605233065E-003
   2.7593020369784879E-003
   2.7332960807975775E-003
   2.7495636544759292E-003
   2.8744492608892345E-003
   3.0178896060078664E-003
   2.9118323181008161E-003
   2.9388492962064256E-003
   2.9874197939716574E-003
   3.2895534486056689E-003
   3.5192700665185139E-003
   4.3183092825641207E-003
   3.8174673479710987E-003
   3.8401447568034474E-003
   3.9344365663005814E-003
   3.6064058144407080E-003
   3.8373631158571853E-003
   3.8330217987907508E-003
   4.0227078422070354E-003
   3.8819191111153415E-003
   4.0862514885158319E-003
   4.4696138404103332E-003
   4.7052037736794805E-003
   4.2088894773717007E-003
   3.6157611437687104E-003
   3.1694384467734378E-003
   3.0412079172089392E-003
   3.3215926022915543E-003
   3.2385699193912942E-003
   3.1911212286098692E-003
   3.1000415199931327E-003
   3.4094266908555357E-003
   3.4608750433984246E-003
   3.5419937962872161E-003
   3.1187538139653822E-003
   3.4168320835458892E-003
   3.9059524658693083E-003
   3.5499843032641854E-003
   3.3566116183838105E-003
   3.4756396902299366E-003
   2.9681735584857834E-003
   3.1421278730941892E-003
   2.9805803641760023E-003
   2.7488436298989988E-003
   2.8993417216360120E-003
   2.9966871983319009E-003
   2.9245500765711428E-003
   2.7087197223536336E-003
   2.8580306197392080E-003
   2.7629514213359662E-003
   2.9247045551471793E-003
   2.9257866498080295E-003
   3.0139575856262873E-003
   3.2263128347948490E-003
   3.1957993835024278E-003
   3.3656227752752871E-003
   3.2116052280785129E-003
   3.3958667198670444E-003
   3.3330533593454669E-003
   3.7197955771861120E-003
   3.7284963524967765E-003
   3.6571643272047616E-003
   3.5701897902117373E-003
   4.2683453038276174E-003
   4.0507008151523206E-003
   4.5993732576075919E-003
   4.1055368555101661E-003
   4.3378196216483020E-003
   3.9003461822922328E-003
   4.0713503521051337E-003
   3.7563567105745673E-003
   3.6897809744802610E-003
   3.8902929295867288E-003
   3.7241976098681454E-003
   3.7049159032148510E-003
   3.7030059432020005E-003
   3.7926319962566352E-003
   3.6854209251176032E-003
   3.8761356984451686E-003
   3.9413441752414137E-003
   4.0211456153299626E-003
   3.6725401237510265E-003
   3.6190585808894859E-003
   3.7513565084804175E-003
   3.7928009219716143E-003
   2.9828646450859235E-003
   3.0383787932436825E-003
   2.9785586498254240E-003
   3.0172844084301958E-003
   3.1292233595412852E-003
   2.9407326664901276E-003
   2.8276353931104086E-003
   2.7869101420878316E-003
   2.9266735451240187E-003
   2.7643098450425437E-003
   2.7671182259085634E-003
   2.6550431944270666E-003
   2.6466611211435351E-003
   2.7781906835481177E-003
   2.6875426577509789E-003
   2.6449654964817914E-003
   2.6737401227183129E-003
   2.6371177912008254E-003
   2.6109455714834742E-003
   2.5567822771666161E-003
   2.6626285925983166E-003
   2.6579404778484094E-003
   2.6236587365491490E-003
   2.6800546404085633E-003
   2.7375909251342563E-003
   3.0886485751002494E-003
   2.9313903211383757E-003
   3.0289281892293975E-003
   3.3352026472886248E-003
   3.2851053274366607E-003
   3.5900859791237780E-003
   3.4822979571184900E-003
   3.3467780918490179E-003
   3.2703703874351450E-003
   3.3412785696140816E-003
   3.2450277855646118E-003
   3.2954667089287576E-003
   3.1875211772184418E-003
   3.6012374180231952E-003
   3.4078093981178667E-003
   3.3748805434131749E-003
   3.2664655661749161E-003
   3.3513555686607291E-003
   3.2472140021760432E-003
   3.3560888378277786E-003
   3.2648516270789951E-003
   3.1340996905554371E-003
   2.9447086421145467E-003
   3.1440101634684190E-003
   3.1845241576310968E-003
   2.8520673492373081E-003
   2.5965347178430230E-003
   2.6798916667157705E-003
   2.7367660757361078E-003
   2.8300151998533417E-003
   3.1232418940109787E-003
   3.4674710805584377E-003
   3.2082516376524543E-003
   3.3455162245695168E-003
   3.5033291166198235E-003
   3.5810919829766339E-003
   3.2820364989888410E-003
   3.5795090697124080E-003
   3.4740962208552923E-003
   3.9108872888978961E-003
   4.0457794985558288E-003
   4.1879293973073215E-003
   4.1308751958736333E-003
   4.1873883213880830E-003
   4.1491748715227292E-003
   3.7622777110804489E-003
   3.7025038525988476E-003
   3.5184831519991877E-003
   3.7799653243375600E-003
   4.0454231525536505E-003
   4.7482468838692081E-003
   4.0267359844301407E-003
   3.4734542731605579E-003
   3.3165099591555319E-003
   3.3527288039859045E-003
   3.3132376020614143E-003
   3.4499294074161520E-003
   3.6185789312943536E-003
   3.5088385455620515E-003
   3.2351829269059306E-003
   3.0981132193081723E-003
   2.8532297522390311E-003
   2.7817258127327349E-003
   2.8214319527835575E-003
   3.1092355334780366E-003
   2.9817896039577687E-003
   3.5157861178596300E-003
   3.6954084279006236E-003
   3.7794547370016730E-003
   3.7059970639277623E-003
   3.7961517510395077E-003
   3.7628853415483921E-003
   3.6437977485354245E-003
   3.7269678650340365E-003
   3.6189599977034352E-003
   3.2884405776353017E-003
   3.1904107396497389E-003
   3.1027279948103244E-003
   3.0176808957727008E-003
   3.1509842964871863E-003
   3.1363088004542818E-003
   3.1375369633251686E-003
   2.9833915141933096E-003
   2.9493383944336118E-003
   2.9582655547441667E-003
   2.8775847293355849E-003
   2.8350581556232123E-003
   2.9669870850146398E-003
   3.0138245741167858E-003
   2.8730508216417874E-003
   2.8263377168453131E-003
   2.7423994315305374E-003
   2.7949246640308878E-003
   2.9680426204771221E-003
   2.8619502755331868E-003
   2.8947499323236990E-003
   2.5940447928832840E-003
   2.5589269802398103E-003
   2.2682931438662026E-003
   2.4095557146168929E-003
   2.4025723960580860E-003
   2.6306149729298720E-003
   2.5013626990493258E-003
   2.4053309973709829E-003
   2.3878111102590073E-003
   2.4323751100012113E-003
   2.5597309640644668E-003
   2.6610855915866825E-003
   2.8329866234959259E-003
   2.7551228002800762E-003
   2.8145318906880297E-003
   2.8147949449038299E-003
   2.8358184340717264E-003
   2.7955126463946297E-003
   2.8470739266741162E-003
   2.9742709546794221E-003
   3.2708506579625708E-003
   3.1819962432299257E-003
   3.3174852312534463E-003
   3.3488399433553064E-003
   3.1839736352699760E-003
   3.5533323587419790E-003
   3.4363068516427729E-003
   3.6599396459243076E-003
   3.8143132467261362E-003
   4.0794081796504296E-003
   4.4336223215839252E-003
   4.5741768596284952E-003
   4.1576135583851533E-003
   4.1327470866188397E-003
   4.2551780622392373E-003
   4.0836363396922560E-003
   4.4634898531930051E-003
   5.0665520574226233E-003
   3.5787923300304308E-003
   3.3061190102298922E-003
   3.3180584452409873E-003
   3.0929945643287902E-003
   2.7894210528652732E-003
   3.1144494958111942E-003
   3.1367092473955221E-003
   3.1928639789084658E-003
   2.9309682718416750E-003
   3.2039380141096916E-003
   3.0643727701309669E-003
   2.9477557358945704E-003
   2.6452756863710614E-003
   2.9105230162103247E-003
   2.9845459204129151E-003
   3.1748444196864180E-003
   4.0545832399979751E-003
   4.6054021619924366E-003
   4.4190611470416741E-003
   5.6692972433657609E-003
   5.1771978381106127E-003
   4.4505604478430362E-003
   4.4204892339996284E-003
   4.2340031381590164E-003
   4.1729014625511178E-003
   3.7272912145675471E-003
   3.5530483895704641E-003
   3.3762084383072251E-003
   3.1954317783148183E-003
   3.1011009451343370E-003
   2.8265408864878994E-003
   2.9079954097029660E-003
   2.9308078082577642E-003
   2.8688168993263306E-003
   3.0409191913885196E-003
   3.2023924806213896E-003
   3.4068660570032035E-003
   3.3787881817566525E-003
   3.4034269870767738E-003
   3.4288547973902071E-003
   3.4914557162030557E-003
   3.4808769092993523E-003
   2.9074729475597303E-003
   3.1592967448327200E-003
   3.4000077194816119E-003
   3.5738927419223451E-003
   4.1903934829038651E-003
   3.8332534033784535E-003
   3.7859767110565851E-003
   4.1128599343022033E-003
   4.1718061340488746E-003
   3.9373283253369747E-003
   3.2391718819951231E-003
   2.8366978191670753E-003
   2.6753212850686970E-003
   2.6963307388190643E-003
   2.6837961949264010E-003
   2.5277599761787182E-003
   2.5118366855270062E-003
   2.5573426197621836E-003
   2.7204639406515564E-003
   2.6015718847769371E-003
   2.9786265086330136E-003
   2.7323344300523560E-003
   2.9065505003187052E-003
   3.0328636490600555E-003
   3.2202358425650742E-003
   2.9019823924776710E-003
   2.8377866091193371E-003
   2.8995760305408815E-003
   3.0928360998199299E-003
   3.1406561266265204E-003
   2.9946859170059737E-003
   3.0673725085978727E-003
   3.0534477300248235E-003
   3.3028530796714562E-003
   3.0733714645473529E-003
   3.2185514113032133E-003
   3.3694350342032353E-003
   3.6534292276232724E-003
   3.9272788022402007E-003
   3.4552497291132499E-003
   3.1082758244643767E-003
   3.1754875939671618E-003
   3.1212144049841467E-003
   2.8330730916220326E-003
   2.8354934956117601E-003
   2.9086052896271819E-003
   3.4348604231366920E-003
   3.0573914021957286E-003
   3.3477080604337652E-003
   3.5746677982817230E-003
   3.9988029995888371E-003
   4.0155809537075916E-003
   4.2631047242867705E-003
   4.5662690226908158E-003
   3.5725700694698753E-003
   3.1451589161543493E-003
   3.6255360592014302E-003
   3.5644228500271405E-003
   3.3301541401513073E-003
   3.1579352126118207E-003
   3.2413834485763107E-003
   3.3857634744994015E-003
   3.3330095248340053E-003
   3.0896219385693896E-003
   3.0788787982422138E-003
   3.0022284506255300E-003
   2.7573036279901425E-003
   2.6887266069754441E-003
   2.9568296063364734E-003
