   1.7304136136449291E-002
   6.1824643478090328E-003
   5.8817952406641253E-003
   7.1542555155301880E-003
   7.3566669205333947E-003
   7.2171795655140650E-003
   7.2922925455473509E-003
   7.5860857209921273E-003
   7.7617722695479873E-003
   8.0095944403757290E-003
   8.2649820307436200E-003
   8.5258284211425731E-003
   8.7449647528241511E-003
   8.9481071765701026E-003
   9.2347158477690851E-003
   9.5627095349248570E-003
   9.8891326974711331E-003
   1.0170677380836332E-002
   1.0357376646464011E-002
   1.0425170516786070E-002
   1.0416788361315358E-002
   1.0361140657241938E-002
   1.0278830444540430E-002
   1.0173985318376530E-002
   1.0026287215394010E-002
   9.7264025383815341E-003
   9.4989318281407855E-003
   9.0747919160110019E-003
   8.0554231188668026E-003
   7.3272683556687215E-003
   7.1193504255692387E-003
   6.9411430603174258E-003
   6.8195313884538752E-003
   6.7601902540766444E-003
   6.7499424378129388E-003
   6.7322719996132790E-003
   6.6777688364701047E-003
   6.7301853504926692E-003
   6.7781002002627773E-003
   6.6038658189347165E-003
   6.6314444767740744E-003
   6.6623703742700888E-003
   6.6971513435635076E-003
   6.7255434582545294E-003
   6.7523910554922973E-003
   6.7825193579785122E-003
   6.8133731670379540E-003
   6.8387711139839946E-003
   6.8547326453366362E-003
   6.8674595348759476E-003
   6.8721289368447345E-003
   6.8699498754589920E-003
   6.8550732064412735E-003
   6.8275768279164734E-003
   6.7958026898526621E-003
   6.7537437756462629E-003
   6.7010206393472689E-003
   6.6370341153832151E-003
   6.5670554946175600E-003
   6.4973343154175120E-003
   6.4250972530912496E-003
   6.3510494575943844E-003
   6.2837038594065128E-003
   6.2218772253048275E-003
   6.1677289865819931E-003
   6.1144616256521610E-003
   6.0569290873637412E-003
   5.9881688417124761E-003
   5.8854000767766352E-003
   5.7367725559119113E-003
   5.5537688011938723E-003
   5.3761157080169783E-003
   5.2458260542175370E-003
   5.1708359545540403E-003
   5.1305365080069930E-003
   5.1072323102867839E-003
   5.0875689777059750E-003
   5.0574326039609886E-003
   5.0148387653267531E-003
   4.9653640070144757E-003
   4.9109107629211838E-003
   4.8465784697347301E-003
   4.7673882148183879E-003
   4.6768733924233280E-003
   4.5889582396337553E-003
   4.5069302992684530E-003
   4.4257562826445851E-003
   4.3451004712117538E-003
   4.2933050667139840E-003
   4.2750581230599338E-003
   4.2642995385416037E-003
   4.2525519518252048E-003
   4.2555004917274354E-003
   4.2808646781612005E-003
   4.3224468587502287E-003
   4.3677569618197848E-003
   4.4006120365604837E-003
   4.4220749589782022E-003
   4.4392998662992119E-003
   4.4453453171885721E-003
   4.4473924657707688E-003
   4.4543957368611258E-003
   4.4800356067152694E-003
   4.5547788042798066E-003
   4.4937785223352353E-003
   4.4324467188259671E-003
   4.4038949980787587E-003
   4.3963150562582902E-003
   4.4061619259168957E-003
   4.4327218660999111E-003
   4.4672466232640430E-003
   4.5066027019655206E-003
   4.5487038231825060E-003
   4.5886900704393673E-003
   4.6331923430213643E-003
   4.6796101129938303E-003
   4.7280749585553519E-003
   4.7799653641198573E-003
   4.8251052992548202E-003
   4.8577551686263491E-003
   4.8707104759593859E-003
   4.8580684765356531E-003
   4.8138891245730186E-003
   4.7383084524140742E-003
   4.6282615494614076E-003
   4.4867779089863896E-003
   4.3224702528828086E-003
   4.1432701255241207E-003
   3.9557224750530430E-003
   3.7737488504775729E-003
   3.6114321315722786E-003
   3.4746317605083843E-003
   3.3881896925582440E-003
   3.2592446622923799E-003
   3.1422321690637678E-003
   3.0073969527757353E-003
   2.9058437754910884E-003
   2.8371255423771512E-003
   2.7992061570238850E-003
   2.7789371089431557E-003
   2.7691076494323363E-003
   2.7668000448780325E-003
   2.7703425637322127E-003
   2.7730924532564484E-003
   2.7671971904872986E-003
   2.7572186328666194E-003
   2.7516564106208124E-003
   2.7486002658420518E-003
   2.7449942611614399E-003
   2.7404546519001686E-003
   2.7330684432275688E-003
   2.7232569152773754E-003
   2.7138246110292529E-003
   2.7113230355767159E-003
   2.7084238297458221E-003
   2.7037581273633903E-003
   2.6959989331593152E-003
   2.6881726363034834E-003
   2.6790292629137354E-003
   2.6736221071157408E-003
   2.6712490844609830E-003
   2.6501526691859920E-003
   2.6445140400524671E-003
   2.6362801100598358E-003
   2.6261873638305550E-003
   2.6144709691758340E-003
   2.6060761772385027E-003
   2.6043679983112598E-003
   2.6054547823137781E-003
   2.6123941437587793E-003
   2.6250573111095336E-003
   2.6364377737060117E-003
   2.6456428451374116E-003
   2.6567826307325060E-003
   2.6676983739974043E-003
   2.6816687798613416E-003
   2.7017299382748926E-003
   2.7265792541694106E-003
   2.7524469690770248E-003
   2.7848703167165905E-003
   2.8828485374330836E-003
   2.8460850081303483E-003
   2.8479480454331216E-003
   2.8370993743751282E-003
   2.8151363902549470E-003
   2.7871299535863160E-003
   2.7534508235070444E-003
   2.6714741506887758E-003
   2.6717393887990162E-003
   2.6782173157545780E-003
   2.6785579855289187E-003
   2.6647065294533355E-003
   2.6452358496901495E-003
   2.6290861666916545E-003
   2.6148277548617965E-003
   2.5999095088036191E-003
   2.5861238531278852E-003
   2.5738528740019847E-003
   2.5752008513903702E-003
   2.6131992993155386E-003
   2.5507644729170584E-003
   2.5132867199693805E-003
   2.4861096114159246E-003
   2.4621466501633825E-003
   2.4381497889324824E-003
   2.4146485799239215E-003
   2.3950432700825877E-003
   2.3803282079838646E-003
   2.3657147457788372E-003
   2.3507002705337727E-003
   2.3329095890681707E-003
   2.3147740340762868E-003
   2.2966872556531861E-003
   2.2801499126673492E-003
   2.2645187988539002E-003
   2.2476166841361709E-003
   2.2278280556918793E-003
   2.2075883555589667E-003
   2.1885546615145325E-003
   2.1689768290070908E-003
   2.1485579937371903E-003
   2.1283932599193592E-003
   2.1088575219488479E-003
   2.0906427441503110E-003
   2.0720895136271396E-003
   2.0541862961347595E-003
   2.0378970461597807E-003
   2.0239365443756436E-003
   2.0125903531978866E-003
   2.0027680808810118E-003
   1.9939687088575729E-003
   1.9857031505897183E-003
   1.9791068348107952E-003
   1.9754086529222012E-003
   1.9755094467701568E-003
   1.9792974873859568E-003
   1.9859334114004177E-003
   1.9940585698785119E-003
   2.0038845373825430E-003
   2.0175283865806314E-003
   2.0367997671747050E-003
   2.0675783738580166E-003
   2.0674773005794574E-003
   2.0779662328037881E-003
   2.0954007664605607E-003
   2.1155823012252110E-003
   2.1347654511406026E-003
   2.1538618235831808E-003
   2.1721436677383556E-003
   2.1928289748797203E-003
   2.2134333861659281E-003
   2.2357226629438082E-003
   2.2571612654641439E-003
   2.2797103146277799E-003
   2.3010564698736592E-003
   2.3168331540187664E-003
   2.3301310144391691E-003
   2.3430905080916832E-003
   2.3565842335713022E-003
   2.3718487763719170E-003
   2.3975279812219015E-003
   2.4236118942887693E-003
   2.4161710281893935E-003
   2.4137526959337862E-003
   2.4154355065644233E-003
   2.4212430924715374E-003
   2.4303728626511442E-003
   2.4044239910016203E-003
   2.3970938759283432E-003
   2.3896383730627386E-003
   2.3864867423836265E-003
   2.3857197511684873E-003
   2.3894678502560229E-003
   2.3925134076950637E-003
   2.3893544927672712E-003
   2.3839486369664530E-003
   2.3819958479239611E-003
   2.3847297251813025E-003
   2.3865737953461838E-003
   2.3875203902121601E-003
   2.3885245158535295E-003
   2.3886196567476244E-003
   2.3952417881196657E-003
   2.4063120651108870E-003
   2.4188569198173963E-003
   2.4309357463626474E-003
   2.4528762234275027E-003
   2.4839607170542601E-003
   2.4668520807917199E-003
   2.4712228242789237E-003
   2.4790529976291206E-003
   2.4865335393789213E-003
   2.4903771884293127E-003
   2.4898956963316536E-003
   2.4919634717671954E-003
   2.5016018923447077E-003
   2.5267734580782337E-003
   2.5508581989540403E-003
   2.5133225155205574E-003
   2.5081395616239691E-003
   2.5038365116904658E-003
   2.4973618736609136E-003
   2.4897402005743035E-003
   2.4814340847315423E-003
   2.4762859769039349E-003
   2.4720310556304950E-003
   2.4651734349523122E-003
   2.4519845717100538E-003
   2.4357722352790915E-003
   2.4239140937959646E-003
   2.4132060311191799E-003
   2.4008940419475624E-003
   2.3877338722618651E-003
   2.3723498183961813E-003
   2.3560054127532560E-003
   2.3414745714728431E-003
   2.3290827674501439E-003
   2.3177159515548242E-003
   2.3070375797977043E-003
   2.2960357818217368E-003
   2.2847347611875094E-003
   2.2751720465489728E-003
   2.2660331313960696E-003
   2.2588262953178303E-003
   2.2542649419368516E-003
   2.2487469718781754E-003
   2.2421793040415254E-003
   2.2365581789826174E-003
   2.2326853724945585E-003
   2.2324313468379290E-003
   2.2401353394786027E-003
   2.2739942140231699E-003
   2.2587570709965235E-003
   2.2229176881416318E-003
   2.2085105350104274E-003
   2.1985752385431834E-003
   2.1896419600617363E-003
   2.1820853675584670E-003
   2.1777026362583365E-003
   2.1743017460792362E-003
   2.1727314641024490E-003
   2.1721049058019723E-003
   2.1699600501789967E-003
   2.1675187632028644E-003
   2.1676113469984337E-003
   2.1738593246833425E-003
   2.1839298422846091E-003
   2.1915626563280104E-003
   2.1935705413713407E-003
   2.1925075603852168E-003
   2.1914663150846042E-003
   2.1918645635586897E-003
   2.1926015597512750E-003
   2.1921262723204552E-003
   2.1920261851854908E-003
   2.1895215429565632E-003
   2.1856197618090488E-003
   2.1847648688481259E-003
   2.1836097624419641E-003
   2.1635411684600113E-003
   2.1599413410966647E-003
   2.1540709334065514E-003
   2.1494428851676099E-003
   2.1483438849888644E-003
   2.1496798683106693E-003
   2.1486941687613010E-003
   2.1441916228847613E-003
   2.1390370223396417E-003
   2.1444291801215984E-003
   2.1535872519372738E-003
   2.1338729818368507E-003
   2.1256088036210922E-003
   2.1154090328019824E-003
   2.1033623903969276E-003
   2.0945409033716316E-003
   2.0872001651585400E-003
   2.0804603149430596E-003
   2.0737025803646515E-003
   2.0614203220716393E-003
   2.0483639379116738E-003
   2.0382739558615667E-003
   2.0329866363620382E-003
   2.0415001636923846E-003
   2.0215823765024955E-003
   2.0095034931882166E-003
   2.0043460568517192E-003
   2.0087973383424544E-003
   2.0037525668494469E-003
   1.9811840627579702E-003
   1.9663400312124853E-003
   1.9600278529822799E-003
   1.9617407168862769E-003
   1.9690324295362281E-003
   1.9765424587962731E-003
   1.9833769320117640E-003
   1.9948954166398736E-003
   2.0087984972362496E-003
   2.0283898322040377E-003
   2.0495753057286096E-003
   2.0712372327849932E-003
   2.0897408795369629E-003
   2.1045966728083735E-003
   2.1189142980194502E-003
   2.1347810805399312E-003
   2.1516726766903551E-003
   2.1664433324639926E-003
   2.1807092537967656E-003
   2.1957165802874998E-003
   2.2095424499131984E-003
   2.2224373791907585E-003
   2.2360247156330880E-003
   2.2583221997326936E-003
   2.3138099167354853E-003
   2.3494191733180632E-003
   2.3019759216188745E-003
   2.2826516464314437E-003
   2.2691681958614501E-003
   2.2583905392581085E-003
   2.2519957952562095E-003
   2.2463277550044871E-003
   2.2393840996247009E-003
   2.2308044906711303E-003
   2.2204683996232756E-003
   2.2098367353037430E-003
   2.1992569853511116E-003
   2.1881198374597674E-003
   2.1765042005960421E-003
   2.1630365993329632E-003
   2.1495015625217165E-003
   2.1383016554367491E-003
   2.1286897096098115E-003
   2.1200618252655611E-003
   2.1123829049731306E-003
   2.1056004733470911E-003
   2.0987182455856129E-003
   2.0919306904075884E-003
   2.0885827414045032E-003
   2.0889026724289295E-003
   2.0895552818981076E-003
   2.0916831821938741E-003
   2.0950622007780664E-003
   2.0987411472550939E-003
   2.1029979963654486E-003
   2.1074950919723074E-003
   2.1114864798699043E-003
   2.1021485192124251E-003
   2.1066678800268717E-003
   2.1130721444541588E-003
   2.1223120292368659E-003
   2.1318232208395751E-003
   2.1388769758586661E-003
   2.1432053901865090E-003
   2.1438106614822153E-003
   2.1449241787969992E-003
   2.1494968250781975E-003
   2.1557166732936155E-003
   2.1608887671625107E-003
   2.1633781554353079E-003
   2.1677928481880038E-003
   2.1741876037985677E-003
   2.1780903024915250E-003
   2.1798792548695539E-003
   2.1781359821089310E-003
   2.1759778385909267E-003
   2.1884073743527288E-003
   2.2249660302224184E-003
   2.1773343419666871E-003
   2.1562360337811994E-003
   2.1426915695830226E-003
   2.1256721887500884E-003
   2.1068954172838938E-003
   2.0931061591061345E-003
   2.0825654537257299E-003
   2.0735965106535056E-003
   2.0625357755854811E-003
   2.0465182487580500E-003
   2.0277321795069479E-003
   2.0093485783105238E-003
   1.9951137955331955E-003
   1.9845078522167086E-003
   1.9750875495109389E-003
   1.9620505834395110E-003
   1.9467755018923181E-003
   1.9367398191957391E-003
   1.9431002877551341E-003
   1.9425406505171703E-003
   1.9083371676387312E-003
   1.8865040235790088E-003
   1.8667200874315794E-003
   1.8507810033766613E-003
   1.8382973050068594E-003
   1.8266199837008799E-003
   1.8155875063645866E-003
   1.8086326890552717E-003
   1.8170564003328390E-003
   1.8336048486052969E-003
   1.7904547023514783E-003
   1.7753714644709016E-003
   1.7636192342124310E-003
   1.7547613396735778E-003
   1.7492280131471160E-003
   1.7491258809422536E-003
   1.7531130724009940E-003
   1.7569720665026446E-003
   1.7589925544439714E-003
   1.7602788561291802E-003
   1.7634514497268474E-003
   1.7673829136554214E-003
   1.7692452515593678E-003
   1.7716463506233285E-003
   1.7727013476119971E-003
   1.7754964644998469E-003
   1.7795288004639007E-003
   1.7855228139244939E-003
   1.7934176772652893E-003
   1.8014406080065881E-003
   1.8086005197516784E-003
   1.8155001624901668E-003
   1.8231449542168972E-003
   1.8311993904141517E-003
   1.8394499768979069E-003
   1.8479518459099988E-003
   1.8569087611559484E-003
   1.8658837467894526E-003
   1.8733421884086865E-003
   1.8801047071810998E-003
   1.8899431336267271E-003
   1.8875893901080785E-003
   1.8824166885785503E-003
   1.8907271794292326E-003
   1.8973393250979350E-003
   1.9028763712518727E-003
   1.9086436951949361E-003
   1.9140727877950826E-003
   1.9189123411657773E-003
   1.9225323405382909E-003
   1.9254132131081925E-003
   1.9278959618178029E-003
   1.9298472976595959E-003
   1.9314893537812302E-003
   1.9323969069648611E-003
   1.9318679130686035E-003
   1.9289381353017447E-003
   1.9247913088901948E-003
   1.9215090554996987E-003
   1.9180484829777735E-003
   1.9130629956836214E-003
   1.9078038990423209E-003
   1.9030364364359491E-003
   1.8998022437912356E-003
   1.8983303001433988E-003
   1.8994891718475959E-003
   1.9044745389021423E-003
   1.9240142142175998E-003
   1.9398365720949737E-003
   1.9082009639586714E-003
   1.9004331131772794E-003
   1.9144373678493371E-003
   1.9104419614639412E-003
   1.8803712745399600E-003
   1.8667026701164947E-003
   1.8578836008110629E-003
   1.8504828631701418E-003
   1.8441460923598085E-003
   1.8398989507051751E-003
   1.8366304034550039E-003
   1.8351913104678221E-003
   1.8347633736907343E-003
   1.8363762650157951E-003
   1.8398065021059727E-003
   1.8429604425812900E-003
   1.8471726290719705E-003
   1.8523100243277469E-003
   1.8565843952623817E-003
   1.8617554303269523E-003
   1.8686391016010152E-003
   1.8747407299928096E-003
   1.8794707977169351E-003
   1.8825100262047391E-003
   1.8833071161805397E-003
   1.8834850582243625E-003
   1.8837991231316356E-003
   1.8835837879457409E-003
   1.8815124716461365E-003
   1.8799002850819423E-003
   1.8810977360186232E-003
   1.8943780966880015E-003
   1.9031582128566605E-003
   1.9376443269334045E-003
   1.9656000754854066E-003
   1.8877781449515563E-003
   1.8445217299323077E-003
   1.8220284923014202E-003
   1.8026348708267354E-003
   1.7849413492312702E-003
   1.7700205367957252E-003
   1.7590842254434087E-003
   1.7504207752673719E-003
   1.7346373949087195E-003
   1.7179136288206524E-003
   1.7100588362772490E-003
   1.7046719654819488E-003
   1.7004497468240843E-003
   1.6958855705754713E-003
   1.6895401435253964E-003
   1.6838934022234584E-003
   1.6799496539670747E-003
   1.6757705090531449E-003
   1.6722426526050477E-003
   1.6695116391326711E-003
   1.6656864353933713E-003
   1.6602752490244266E-003
   1.6570068689260599E-003
   1.6500509265655198E-003
   1.6464401380198450E-003
   1.6452609636271398E-003
   1.6433853886555559E-003
   1.6409887242916572E-003
   1.6384390261343466E-003
   1.6339821820497515E-003
   1.6287292830783433E-003
   1.6239915520894262E-003
   1.6187170748165243E-003
   1.6133074809409364E-003
   1.6090681149105656E-003
   1.6055874910477562E-003
   1.6025499672206269E-003
   1.6009749167037689E-003
   1.6000848458450655E-003
   1.6001105352289858E-003
   1.6010115046643108E-003
   1.6029453470738956E-003
   1.6043774836138518E-003
   1.6048551963773205E-003
   1.6060230638232267E-003
   1.6088744945743430E-003
   1.6129951206734587E-003
   1.6176940898851328E-003
   1.6234024080515204E-003
   1.6296519635594713E-003
   1.6363897868363461E-003
   1.6459600096804083E-003
   1.6696298047966279E-003
   1.6715291383256664E-003
   1.6688370771609548E-003
   1.6741223027531573E-003
   1.6792473499818131E-003
   1.6842998042182122E-003
   1.6917906918522039E-003
   1.7103683061603292E-003
   1.7514673679158122E-003
   1.7103512711741629E-003
   1.6851450725561901E-003
   1.6686374257406716E-003
   1.6539301345844212E-003
   1.6406042724226352E-003
   1.6301206290134623E-003
   1.6210604349751610E-003
   1.6110925005298469E-003
   1.6024131368422262E-003
   1.5959025890284399E-003
   1.5922267807686437E-003
   1.5888951554095384E-003
   1.5852817685002322E-003
   1.5827930528614551E-003
   1.5805856902874529E-003
   1.5775444165569781E-003
   1.5748759431349290E-003
   1.5732030831559548E-003
   1.5720809872068072E-003
   1.5721439462675129E-003
   1.5731801352483917E-003
   1.5758947915146106E-003
   1.5830092808203234E-003
   1.6021287011778469E-003
   1.6671103280444975E-003
   1.7387131266869606E-003
   1.6596257810177482E-003
   1.6446488097755004E-003
   1.6713927827735782E-003
   1.6288224434826918E-003
   1.5989437408502310E-003
   1.5774140819789951E-003
   1.5648180620208014E-003
   1.5576819764111681E-003
   1.5441208376988879E-003
   1.5105975911137435E-003
   1.4768565227288079E-003
   1.4746225705136876E-003
   1.4734249439481565E-003
   1.4708934253400204E-003
   1.4675212444662713E-003
   1.4647040359200591E-003
   1.4621015451427618E-003
   1.4602127184766874E-003
   1.4586431047496770E-003
   1.4566724319112611E-003
   1.4559624632883581E-003
   1.4545329764501442E-003
   1.4530178272534012E-003
   1.4524589208957889E-003
   1.4523618340391189E-003
   1.4524632457374518E-003
   1.4526721297992214E-003
   1.4553959452871974E-003
   1.4630610034664984E-003
   1.4397469009851749E-003
   1.4439360815941512E-003
   1.4512989999499824E-003
   1.4590660723644744E-003
   1.4687328130122514E-003
   1.4792830611901182E-003
   1.4889569159101162E-003
   1.4977974467658714E-003
   1.5060332526002174E-003
   1.5142821169400304E-003
   1.5217081747081408E-003
   1.5288969100478653E-003
   1.5370184180219905E-003
   1.5441225554612356E-003
   1.5490434766163835E-003
   1.5540748785057754E-003
   1.5607758434588279E-003
   1.5671557342961371E-003
   1.5722553848408051E-003
   1.5760298980965987E-003
   1.5780555833582700E-003
   1.5793276386743978E-003
   1.5799708829512535E-003
   1.5811481031900074E-003
   1.5819752500440265E-003
   1.5808646858818929E-003
   1.5780778232908387E-003
   1.5745831184137090E-003
   1.5705601741311905E-003
   1.5668733300045182E-003
   1.5651602916958022E-003
   1.5716872374164207E-003
   1.5727799125311317E-003
   1.5694993152984998E-003
   1.5952073875209198E-003
   1.5502391926185057E-003
   1.5265352457495354E-003
   1.5072947250136385E-003
   1.4931387754185705E-003
   1.4811470826705878E-003
   1.4680978193373055E-003
   1.4573763092131785E-003
   1.4508204264596617E-003
   1.4433272055292025E-003
   1.4352084258025353E-003
   1.4283598347014552E-003
   1.4220489501039484E-003
   1.4168333276188853E-003
   1.4128860629053649E-003
   1.4092643616418466E-003
   1.4049933709962743E-003
   1.4034833888985764E-003
   1.4135870834848961E-003
   1.4357511939716093E-003
   1.4098040430262253E-003
   1.3995376041603966E-003
   1.3931214334111997E-003
   1.3889812961277699E-003
   1.3864488560666665E-003
   1.3848822710240158E-003
   1.3815664265896491E-003
   1.3707556042472065E-003
   1.3668039246785794E-003
   1.3669528890642190E-003
   1.3867324754275297E-003
   1.3763773277791209E-003
   1.3581604528371805E-003
   1.3474083339664298E-003
   1.3384834523893932E-003
   1.3315459681043124E-003
   1.3174724127268632E-003
   1.3116676407593901E-003
   1.3090975912171234E-003
   1.3092253045333723E-003
   1.3039409677894371E-003
   1.3014421600562362E-003
   1.2984813723578288E-003
   1.2953653063364533E-003
   1.2929626692727385E-003
   1.2910705997682716E-003
   1.2890905114619771E-003
   1.2869227541756540E-003
   1.2855824049756730E-003
   1.2860022709592417E-003
   1.2868239843759482E-003
   1.2868150121564301E-003
   1.2872885465856003E-003
   1.2878548635199261E-003
   1.2896456251359682E-003
   1.2943893087735195E-003
   1.2859525778806374E-003
   1.2882001175442504E-003
   1.2926114293234487E-003
   1.2983448996943588E-003
   1.3051724769172878E-003
   1.3119744391420988E-003
   1.3184277612096707E-003
   1.3247671814261164E-003
   1.3305778380986945E-003
   1.3348859122277253E-003
   1.3381475453559505E-003
   1.3416378228797384E-003
   1.3457454611907462E-003
   1.3493821403599763E-003
   1.3527779084197310E-003
   1.3571730622172766E-003
   1.3612393023684605E-003
   1.3650943375990963E-003
   1.3684047660467110E-003
   1.3691121158630791E-003
   1.3664183240003744E-003
   1.3621124011921500E-003
   1.3578185320361179E-003
   1.3543030189296491E-003
   1.3516812527867854E-003
   1.3478673130666052E-003
   1.3423772852692282E-003
   1.3372564715901979E-003
   1.3329874176883198E-003
   1.3291836711895955E-003
   1.3260614500813406E-003
   1.3237618481862481E-003
   1.3220420753350507E-003
   1.3211021811677351E-003
   1.3211124118653456E-003
   1.3252383086377769E-003
   1.3288590968318313E-003
   1.3192723486408701E-003
   1.3150253596320707E-003
   1.3134301409128415E-003
   1.3130009626788209E-003
   1.3146267400208557E-003
   1.3261649451079504E-003
   1.3535200163209400E-003
   1.3325033065411322E-003
   1.3260496959592741E-003
   1.3263053885548680E-003
   1.3270993594417108E-003
   1.3279087908135210E-003
   1.3304668794118272E-003
   1.3361287915038419E-003
   1.3460748877626302E-003
   1.3813284861610260E-003
   1.4093945299203752E-003
   1.3677372086964670E-003
   1.3554199293092329E-003
   1.3464667970048911E-003
   1.3430578620242776E-003
   1.3414114854418944E-003
   1.3396016894558264E-003
   1.3244796275821758E-003
   1.3239274959305123E-003
   1.3255584848306380E-003
   1.3294825250222495E-003
   1.3333154665184194E-003
   1.3361126600063618E-003
   1.3379851520135364E-003
   1.3398379818227574E-003
   1.3411778416677999E-003
   1.3412545400822461E-003
   1.3411021206371668E-003
   1.3407722871185686E-003
   1.3412107982075990E-003
   1.3428039341532880E-003
   1.3494381555916920E-003
   1.3667591006863153E-003
   1.3466556241137407E-003
   1.3389261871363705E-003
   1.3374424044934434E-003
   1.3365743239912649E-003
   1.3347913700078324E-003
   1.3320108116394065E-003
   1.3285259095819426E-003
   1.3265977454098724E-003
   1.3262644315050194E-003
   1.3178986903759798E-003
   1.3159565847313149E-003
   1.3154809701797535E-003
   1.3140257383308170E-003
   1.3119698594601379E-003
   1.3106455377675534E-003
   1.3095169753914190E-003
   1.3081769169566622E-003
   1.3061043494807785E-003
   1.3034570577169970E-003
   1.2998117993005104E-003
   1.2960698929090407E-003
   1.2933904644103498E-003
   1.2912281496653725E-003
   1.2883327751462080E-003
   1.2841315819680586E-003
   1.2805554540124386E-003
   1.2784167363894586E-003
   1.2763782097243363E-003
   1.2726660941296446E-003
   1.2676315507481341E-003
   1.2630917123031529E-003
   1.2588901470628685E-003
   1.2557563502578147E-003
   1.2539259994573118E-003
   1.2518871878072215E-003
   1.2495848723403213E-003
   1.2477195439263358E-003
   1.2454664053358807E-003
   1.2409962250087701E-003
   1.2345888544497427E-003
   1.2285372474958390E-003
   1.2240442502275684E-003
   1.2210262415178318E-003
   1.2196097849625871E-003
   1.2189653960003551E-003
   1.2186683666190134E-003
   1.2182032968821850E-003
   1.2174408690274953E-003
   1.2177542939573354E-003
   1.2195859730979100E-003
   1.2226768331023811E-003
   1.2268535276157926E-003
   1.2311571548963049E-003
   1.2352266219361843E-003
   1.2410089374031816E-003
   1.2490584319038132E-003
   1.2585870639184025E-003
   1.2718095700789368E-003
   1.2896278111528866E-003
   1.2987731603125001E-003
   1.3186492362789715E-003
   1.3027476006549858E-003
   1.2966518725258096E-003
   1.2954144808393795E-003
   1.2953449514541142E-003
   1.2940054267626200E-003
   1.2932686329358083E-003
   1.3044098775857301E-003
   1.3470531521907905E-003
   1.3312165233083447E-003
   1.3036668249280022E-003
   1.2896758133768994E-003
   1.2763832982172307E-003
   1.2652069790346551E-003
   1.2552456710646100E-003
   1.2477408046735505E-003
   1.2448317110955159E-003
   1.2300543503256285E-003
   1.2169209988862090E-003
   1.2133864990219742E-003
   1.2099296968852914E-003
   1.2079031433170214E-003
   1.2078925941066733E-003
   1.2084193699185078E-003
   1.2086002539837013E-003
   1.2087530111340463E-003
   1.2098710706967050E-003
   1.2123616771814111E-003
   1.2179743888585588E-003
   1.2289778438179552E-003
   1.2612811805846036E-003
   1.2611207834014998E-003
   1.2430327237247282E-003
   1.2379905788548480E-003
   1.2373404931707132E-003
   1.2372627154665990E-003
   1.2353223329032931E-003
   1.2374466353093732E-003
   1.2421705917753324E-003
   1.2487108498981760E-003
   1.2566103324379580E-003
   1.2636248440742169E-003
   1.2655694456991653E-003
   1.2717403646631679E-003
   1.2782936502051733E-003
   1.2862069813931306E-003
   1.2949704276414154E-003
   1.3029197580262987E-003
   1.3093632223016246E-003
   1.3136721542328000E-003
   1.3170502023525739E-003
   1.3207488412283197E-003
   1.3253265426866792E-003
   1.3307122723098146E-003
   1.3360481346765033E-003
   1.3409844182066153E-003
   1.3458107581553773E-003
   1.3408593356432144E-003
   1.3444121008915583E-003
   1.3485312282474409E-003
   1.3530041800168993E-003
   1.3571115640833543E-003
   1.3606263404926948E-003
   1.3639333557063328E-003
   1.3664459995184335E-003
   1.3678050951269477E-003
   1.3686393285167848E-003
   1.3698382183202058E-003
   1.3717502106424856E-003
   1.3735622634850823E-003
   1.3740906245604328E-003
   1.3730071568549861E-003
   1.3717451197300104E-003
   1.3719230345607353E-003
   1.3733868195634014E-003
   1.3739378445032089E-003
   1.3731808460255765E-003
   1.3719255828984951E-003
   1.3702948648384014E-003
   1.3676212275648097E-003
   1.3656135617085309E-003
   1.3654945765351420E-003
   1.3648731153568842E-003
   1.3623454640940705E-003
   1.3603064497217771E-003
   1.3616430454541451E-003
   1.3703346349954162E-003
   1.4046525530350686E-003
   1.3889327972448362E-003
   1.3902134114427566E-003
   1.3526707051967053E-003
   1.3290242630019831E-003
   1.3130103808837047E-003
   1.2987680791549088E-003
   1.2856855680413008E-003
   1.2748788210500182E-003
   1.2657146312577787E-003
   1.2592570425519517E-003
   1.2613792787637328E-003
   1.3017027455846999E-003
   1.3039234691158577E-003
   1.2530603239497061E-003
   1.2252508405739505E-003
   1.2040624371534691E-003
   1.1891786313605191E-003
   1.1780107038461989E-003
   1.1635508717233096E-003
   1.1415615305033189E-003
   1.1391576685013296E-003
   1.1365312649731661E-003
   1.1345904887174586E-003
   1.1328431985974652E-003
   1.1323823222834913E-003
   1.1319090270669832E-003
   1.1313774807894640E-003
   1.1328518971055468E-003
   1.1456315349508720E-003
   1.1436497899985425E-003
   1.1371878665458637E-003
   1.1356669078094789E-003
   1.1364873626848958E-003
   1.1371910519157591E-003
   1.1379974639102600E-003
   1.1392010365482059E-003
   1.1412607506462887E-003
   1.1430065717159088E-003
   1.1442901197517852E-003
   1.1402253901259909E-003
   1.1347357832286089E-003
   1.1367963718894706E-003
   1.1378918320199467E-003
   1.1390216375685009E-003
   1.1365668025697818E-003
   1.1328979754061381E-003
   1.1331026130003885E-003
   1.1327160443321915E-003
   1.1319279910683815E-003
   1.1317159777203148E-003
   1.1326647371880081E-003
   1.1348069630185956E-003
   1.1382813435966293E-003
   1.1420380732950408E-003
   1.1445815230289216E-003
   1.1464008969405911E-003
   1.1467267596536644E-003
   1.1472970587383118E-003
   1.1496520608560137E-003
   1.1529848259676932E-003
   1.1480704585716945E-003
   1.1525673841074027E-003
   1.1588033467484664E-003
   1.1660984372973728E-003
   1.1744622242425228E-003
   1.1843428736928287E-003
   1.1946877997534597E-003
   1.2047900598237407E-003
   1.2152074935944954E-003
   1.2265594712490945E-003
   1.2388643981854732E-003
   1.2515797541701047E-003
   1.2642246075599411E-003
   1.2768125666348621E-003
   1.2870655401745149E-003
   1.2948520464233855E-003
   1.3033728931797675E-003
   1.3138702399319998E-003
   1.3240804314782562E-003
   1.3331982455854956E-003
   1.3424872619792463E-003
   1.3526154645677523E-003
   1.3620331751883394E-003
   1.3702961040449621E-003
   1.3789102716511611E-003
   1.3887019677099567E-003
   1.4007518492768331E-003
   1.4268478685040488E-003
   1.4199433078916407E-003
   1.4353596465361117E-003
   1.4298808289077984E-003
   1.4125091944023403E-003
   1.4048989838983019E-003
   1.3989269154453517E-003
   1.3912294658770048E-003
   1.3841461615834699E-003
   1.3778489558906610E-003
   1.3726301640155114E-003
   1.3677925947116292E-003
   1.3638464543996964E-003
   1.3615978570975075E-003
   1.3605150913549332E-003
   1.3628390021913528E-003
   1.3765200044590644E-003
   1.4462357926186644E-003
   1.4714274164149791E-003
   1.3887369159306842E-003
   1.3568318060868249E-003
   1.3371524916972830E-003
   1.3267309918073514E-003
   1.3202857270981055E-003
   1.2884592442433764E-003
   1.2790170121676960E-003
   1.2773589837200732E-003
   1.2757534728859549E-003
   1.2745180072402382E-003
   1.2740075169486627E-003
   1.2734595365557426E-003
   1.2740685211065448E-003
   1.2757570392038012E-003
   1.2801918161161755E-003
   1.2891099228084701E-003
   1.2941108677444486E-003
   1.2956082102731530E-003
   1.2966827755867627E-003
   1.2977448791210648E-003
   1.3002088561640333E-003
   1.2993217191786771E-003
   1.2898310830005090E-003
   1.2904210571997538E-003
   1.2915746844920392E-003
   1.2932093280869348E-003
   1.2950479454991834E-003
   1.2967493551573799E-003
   1.2982679428026904E-003
   1.2995317100512208E-003
   1.2973453034389260E-003
   1.2978548376083772E-003
   1.2986166678716907E-003
   1.2997142702198953E-003
   1.3013408260099332E-003
   1.3037724627837346E-003
   1.3061871993230640E-003
   1.3066747139974101E-003
   1.3080899305795194E-003
   1.3111429476805794E-003
   1.3032708754543523E-003
   1.3022284786493676E-003
   1.3019136481264377E-003
   1.3021105314728410E-003
   1.3014313709061992E-003
   1.2990568812322558E-003
   1.2949405508162646E-003
   1.2920301980967823E-003
   1.2908640208994840E-003
   1.2891351977457630E-003
   1.2877207674550212E-003
   1.2864618021840980E-003
   1.2848602189190999E-003
   1.2837877859942987E-003
   1.2816745685208498E-003
   1.2770999977670808E-003
   1.2698869408582089E-003
   1.2614667979019664E-003
   1.2519026802538010E-003
   1.2431658822161541E-003
   1.2349124588679318E-003
   1.2262950946864302E-003
   1.2191838024974242E-003
   1.2134312695290736E-003
   1.2071570349740251E-003
   1.2001670528747743E-003
   1.1943149885282008E-003
   1.1902286538259151E-003
   1.1864178415044644E-003
   1.1834826801885054E-003
   1.1825714792728082E-003
   1.1825984885071754E-003
   1.1843983098275921E-003
   1.1923564335837508E-003
   1.2079450179833637E-003
   1.1971248164748107E-003
   1.2048056417043723E-003
   1.2463095031297138E-003
   1.2335218307022292E-003
   1.2059889113282404E-003
   1.1932671712265664E-003
   1.1871512111356788E-003
   1.1854444096165981E-003
   1.1865265175616544E-003
   1.1882607377531921E-003
   1.1917195953987587E-003
   1.2005122932024440E-003
   1.2191260178956382E-003
   1.2173764884225893E-003
   1.2213978517350850E-003
   1.2294008998434184E-003
   1.2389932333160348E-003
   1.2486242021224631E-003
   1.2582988436932317E-003
   1.2683793965460224E-003
   1.2777582115827467E-003
   1.2851311711443059E-003
   1.2875589925882629E-003
   1.2938734725956157E-003
   1.3000709362836916E-003
   1.3070657345334220E-003
   1.3145075451822543E-003
   1.3206231954973136E-003
   1.3249411496905638E-003
   1.3278028760699600E-003
   1.3292162938157415E-003
   1.3292942056355112E-003
   1.3288999838156287E-003
   1.3290713055922564E-003
   1.3298584647911896E-003
   1.3312937851688706E-003
   1.3368003454655229E-003
   1.3611607180898447E-003
   1.3680302558869003E-003
   1.3384977427328322E-003
   1.3201022303466526E-003
   1.3098175966500629E-003
   1.2998776981476689E-003
   1.2903494694751299E-003
   1.2808652986018468E-003
   1.2712751868019874E-003
   1.2634911455426101E-003
   1.2578252776652618E-003
   1.2535703051202989E-003
   1.2515649983291756E-003
   1.2501974105105032E-003
   1.2492605887701592E-003
   1.2487010976417886E-003
   1.2477689127272349E-003
   1.2466717493908905E-003
   1.2474322966347722E-003
   1.2489176927443417E-003
   1.2501479171445763E-003
   1.2523794498531490E-003
   1.2477050648551818E-003
   1.2481742893474370E-003
   1.2510375713985615E-003
   1.2546865822805557E-003
   1.2595216274205341E-003
   1.2654114600361374E-003
   1.2709447144582389E-003
   1.2755712285878302E-003
   1.2808509847325243E-003
   1.2878297271382367E-003
   1.2951817262948850E-003
   1.3012027331995230E-003
   1.3037558278386891E-003
   1.3046112591309955E-003
   1.3070781245784363E-003
   1.3122794244005535E-003
   1.3188660839875365E-003
   1.3258315938756112E-003
   1.3331351378487438E-003
   1.3410837020553560E-003
   1.3499112466727671E-003
   1.3577535863433599E-003
   1.3647350762072683E-003
   1.3716890965108568E-003
   1.3780690453869501E-003
   1.3853649859390344E-003
   1.3938524301342521E-003
   1.4013057406524428E-003
   1.4058274578498274E-003
   1.4086870962234212E-003
   1.4100395844748289E-003
   1.4105826536347308E-003
   1.4128464196776123E-003
   1.4171502730597305E-003
   1.4219042778093863E-003
   1.4307607239836936E-003
   1.4670601434141682E-003
   1.4754190013857170E-003
   1.4463936599485997E-003
   1.4469413610860987E-003
   1.4861458037684315E-003
   1.4590973834987051E-003
   1.4250553730879778E-003
   1.4070531342768957E-003
   1.3929935730119718E-003
   1.3814887371446801E-003
   1.3725698503068617E-003
   1.3651478189143655E-003
   1.3592246024288297E-003
   1.3601928527289511E-003
   1.4039863143832454E-003
   1.3653830818362951E-003
   1.3345223535730904E-003
   1.3110979454519995E-003
   1.2899902662223779E-003
   1.2724576664755272E-003
   1.2565086785674667E-003
   1.2446660981804754E-003
   1.2341727859864744E-003
   1.2198748762517139E-003
   1.2004268000238192E-003
   1.1923502330707509E-003
   1.1865495903331271E-003
   1.1841444463101217E-003
   1.1825030856392534E-003
   1.1799357872484574E-003
   1.1775935559333844E-003
   1.1763487774783237E-003
   1.1779015608899995E-003
   1.1865011456773599E-003
   1.2136711487303882E-003
   1.2743732583897426E-003
   1.2289228994441256E-003
   1.1940286596953138E-003
   1.1871558951473779E-003
   1.1865545997388144E-003
   1.1862517958497612E-003
   1.1856994068391792E-003
   1.1858120698049850E-003
   1.1870363286646149E-003
   1.1891357805224661E-003
   1.1915103843903386E-003
   1.1946729270442935E-003
   1.1982965060381139E-003
   1.2023451731603876E-003
   1.2069973578554352E-003
   1.2114995071240498E-003
   1.2157566908387288E-003
   1.2196734129567980E-003
   1.2248345492011647E-003
   1.2316228642309350E-003
   1.2392007246398767E-003
   1.2473226754559845E-003
   1.2559732574730757E-003
   1.2656317282727983E-003
   1.2751876638960895E-003
   1.2846955332261349E-003
   1.2948824149773110E-003
   1.2908191331598626E-003
   1.2952621350587072E-003
   1.2996561606087177E-003
   1.3024228650361891E-003
   1.3054134027448163E-003
   1.3084577582876760E-003
   1.3120375266109105E-003
   1.3173498882633535E-003
   1.3226801014602095E-003
   1.3275202321871452E-003
   1.3328013747927678E-003
   1.3363792171643075E-003
   1.3389437560281203E-003
   1.3433017551920663E-003
   1.3490657936837509E-003
   1.3534441106547918E-003
   1.3561260177998753E-003
   1.3586070386320422E-003
   1.3603533106649746E-003
   1.3606890099260862E-003
   1.3598902595768458E-003
   1.3595738800931173E-003
   1.3598114621577711E-003
   1.3606362880879397E-003
   1.3624611754731876E-003
   1.3639688548123855E-003
   1.3639378244871159E-003
   1.3630186589710825E-003
   1.3636838955771264E-003
   1.3714914595454805E-003
   1.3976115437081152E-003
   1.3914337239984314E-003
   1.3770080392536308E-003
   1.3591504881210045E-003
   1.3456897199882300E-003
   1.3343759380399444E-003
   1.3251986838451100E-003
   1.3180312403703123E-003
   1.3136865310989035E-003
   1.3115939255992184E-003
   1.3118611770670269E-003
   1.3151341636054928E-003
   1.3197190191908269E-003
   1.3240652645698122E-003
   1.3284265761067927E-003
   1.3355108135215017E-003
   1.3498472665853594E-003
   1.3849986040417972E-003
   1.3899396911115399E-003
   1.3770625963455668E-003
   1.3757513840994752E-003
   1.3759255642293835E-003
   1.3793226823262171E-003
   1.3870590379530727E-003
   1.3865486732084723E-003
   1.3731901293971868E-003
   1.3801249732709746E-003
   1.3901294040843790E-003
   1.4121254106208099E-003
   1.4100899521186166E-003
   1.4054065981589391E-003
   1.4068467871545282E-003
   1.4073844651043496E-003
   1.4077695661298341E-003
   1.4090790436071660E-003
   1.4101744600726592E-003
   1.4095254659034727E-003
   1.4102435884132242E-003
   1.4132910967143504E-003
   1.4134189901299759E-003
   1.4018200972583978E-003
   1.4028180421908388E-003
   1.4035982789144881E-003
   1.4037432804990511E-003
   1.4043421703477865E-003
   1.4050035104750795E-003
   1.4045567759143512E-003
   1.4041022199399828E-003
   1.4031118372185888E-003
   1.4002071860927717E-003
   1.3983336466538868E-003
   1.3979835425126600E-003
   1.3980548772501687E-003
   1.3966628277308475E-003
   1.3949014717727459E-003
   1.3935228203113975E-003
   1.3919419267547455E-003
   1.3916048002296424E-003
   1.3918657878982511E-003
   1.3938682157915525E-003
   1.3854863860781532E-003
   1.3845408828315592E-003
   1.3845757988419968E-003
   1.3862388385857975E-003
   1.3899028452137531E-003
   1.3954395637549299E-003
   1.4016708262249377E-003
   1.4079107025507442E-003
   1.4138153200624647E-003
   1.4207683936501147E-003
   1.4281183047987779E-003
   1.4332014176689893E-003
   1.4361941739334605E-003
   1.4379041849922813E-003
   1.4376526683461583E-003
   1.4377280269647383E-003
   1.4379696539259597E-003
   1.4374816770620642E-003
   1.4361567901919913E-003
   1.4351411402513342E-003
   1.4361448083654491E-003
   1.4380264602488935E-003
   1.4400651804730997E-003
   1.4416001985482062E-003
   1.4424906683322028E-003
   1.4504482308983382E-003
   1.4771514323889152E-003
   1.5109231058087953E-003
   1.4785538636087467E-003
   1.4556722978538478E-003
   1.4451825498519729E-003
   1.4374349881316917E-003
   1.4322117621180027E-003
   1.4277905033033248E-003
   1.4235820435629502E-003
   1.4192792920542363E-003
   1.4156089569570228E-003
   1.4151284825189177E-003
   1.4177703251076843E-003
   1.4226395353758600E-003
   1.4171266583627778E-003
   1.4125092352550376E-003
   1.4109461226626673E-003
   1.4115277435183249E-003
   1.4143590288800776E-003
   1.4172439599157566E-003
   1.4188677043610821E-003
   1.4227564417550146E-003
   1.4248122793669340E-003
   1.4281203342688300E-003
   1.4321724908973603E-003
   1.4365659117601434E-003
   1.4412785850745893E-003
   1.4455633046768952E-003
   1.4502394283291747E-003
   1.4577567914119617E-003
   1.4663721751110928E-003
   1.4749396607234419E-003
   1.4859108791729408E-003
   1.5124914311230048E-003
   1.5396900321854561E-003
   1.5157116496800321E-003
   1.5142754691689466E-003
   1.5147479334930523E-003
   1.5164508813796803E-003
   1.5191887080247852E-003
   1.5222723262256091E-003
   1.5239726130245798E-003
   1.5232961729378818E-003
   1.5230125539126100E-003
   1.5241244409158895E-003
   1.5143151658440232E-003
   1.5130396923059241E-003
   1.5089659148639029E-003
   1.5068660524597919E-003
   1.5064298457012916E-003
   1.5086315613194684E-003
   1.5115757200714821E-003
   1.5138004265309603E-003
   1.5153135709819303E-003
   1.5160994769276399E-003
   1.5163475877504476E-003
   1.5177197276336303E-003
   1.5189464673088392E-003
   1.5190981957851851E-003
   1.5177085901884521E-003
   1.5143151395396385E-003
   1.5151698010639888E-003
   1.5152356823809271E-003
   1.5137493205746846E-003
   1.5120472263662173E-003
   1.5120620147681778E-003
   1.5142775221605406E-003
   1.5171118403657952E-003
   1.5180385451320220E-003
   1.5164045672982638E-003
   1.5129428677112444E-003
   1.5091081241671075E-003
   1.5072576149164115E-003
   1.5064735826604220E-003
   1.5066979457868611E-003
   1.5082500435809948E-003
   1.5104054067676756E-003
   1.5130672220713660E-003
   1.5153425792704539E-003
   1.5169666852246494E-003
   1.5185715843964028E-003
   1.5195106870542865E-003
   1.5202667548406747E-003
   1.5221828640695901E-003
   1.5249923637079572E-003
   1.5285785453622489E-003
   1.5321765632997141E-003
   1.5356585234519234E-003
   1.5378438606179548E-003
   1.5399779367320605E-003
   1.5437544256302177E-003
   1.5499950901366800E-003
   1.5613475653850459E-003
   1.6010561113647805E-003
   1.5880570719011325E-003
   1.5775060782508839E-003
   1.5944533999796917E-003
   1.6841777955013894E-003
   1.6439527118690060E-003
   1.5796133685817787E-003
   1.5462702935112693E-003
   1.5244227655475757E-003
   1.5088108857291903E-003
   1.4978299777409461E-003
   1.4900944939665096E-003
   1.4839032994432336E-003
   1.4801569448658237E-003
   1.4777618702596659E-003
   1.4757732449471204E-003
   1.4728112951274165E-003
   1.4750034465605658E-003
   1.5164816910667417E-003
   1.5152959005577601E-003
   1.4728873249292521E-003
   1.4486504333840703E-003
   1.4308296657627060E-003
   1.4196204380796890E-003
   1.4112755895184226E-003
   1.4044238112587652E-003
   1.3984844626308553E-003
   1.3935610976908979E-003
   1.3923532928627037E-003
   1.3738183151780587E-003
   1.3661209042010248E-003
   1.3664410640874805E-003
   1.3678322443737353E-003
   1.3693940002159665E-003
   1.3712672720458511E-003
   1.3747950887811136E-003
   1.3799478364168308E-003
   1.3898183481034353E-003
   1.4210047299963540E-003
   1.4454120675789727E-003
   1.4065564019107989E-003
   1.3933907722174640E-003
   1.3852872842106086E-003
   1.3789902318225974E-003
   1.3757456839910169E-003
   1.3749583028294756E-003
   1.3745792034443882E-003
   1.3755378724593680E-003
   1.3786129599799486E-003
   1.3841570273284340E-003
   1.3908675736041284E-003
   1.3983520353522383E-003
   1.4057587045973360E-003
   1.4138652000160214E-003
   1.4231190811967974E-003
   1.4332523197919270E-003
   1.4424351400121917E-003
   1.4496626453207988E-003
   1.4573342316663567E-003
   1.4661958624282790E-003
   1.4571349071698886E-003
   1.4599327928556073E-003
   1.4669508333496211E-003
   1.4756613652494384E-003
   1.4847042362226399E-003
   1.4942285117241459E-003
   1.5021207020610339E-003
   1.5071997413389554E-003
   1.5103014243983564E-003
   1.5119015276691050E-003
   1.5135879761089966E-003
   1.5165962810783631E-003
   1.5208032642861987E-003
   1.5246372345617141E-003
   1.5294581692856309E-003
   1.5373964979142033E-003
   1.5466064214500271E-003
   1.5560403478870179E-003
   1.5638492450881626E-003
   1.5702703427096852E-003
   1.5770279563327653E-003
   1.5839767988703899E-003
   1.5918248768207663E-003
   1.5993227883580119E-003
   1.6044524635807330E-003
   1.6064819411366516E-003
   1.6065558034239150E-003
   1.6069367189181106E-003
   1.6070776315992134E-003
   1.6052163225578448E-003
   1.6011632989785197E-003
   1.5966132612291117E-003
   1.5933014283971525E-003
   1.5905361065748360E-003
   1.5882257031900155E-003
   1.5883235521169919E-003
   1.5951383179162735E-003
   1.6368561300627658E-003
   1.6641339604495848E-003
   1.6167786191416756E-003
   1.5945483446555679E-003
   1.5497200607705898E-003
   1.5238456259500678E-003
   1.5072617863210848E-003
   1.4951063960820131E-003
   1.4830121249577398E-003
   1.4693732050949414E-003
   1.4559657047650489E-003
   1.4446880595525679E-003
   1.4353016193958150E-003
   1.4266122453059158E-003
   1.4183420023445898E-003
   1.4105401386390846E-003
   1.4051009260542928E-003
   1.4017523806798184E-003
   1.3976921358336337E-003
   1.3934024928335415E-003
   1.3885965069325061E-003
   1.3785284606480119E-003
   1.3724827028000631E-003
   1.3687281994150082E-003
   1.3646376782448170E-003
   1.3596794472383804E-003
   1.3556857410601942E-003
   1.3541833907383199E-003
   1.3559976912714564E-003
   1.3699052413108268E-003
   1.3510738677409951E-003
   1.3389042384599073E-003
   1.3342736477627267E-003
   1.3325536704489498E-003
   1.3303952281013668E-003
   1.3276157411073308E-003
   1.3190475856858965E-003
   1.3143906637709955E-003
   1.3096849918680857E-003
   1.3068328764186457E-003
   1.3044929309247333E-003
   1.3023419928705308E-003
   1.2928872025323324E-003
   1.2893071249776228E-003
   1.2864242239921241E-003
   1.2836927209950880E-003
   1.2801991803314660E-003
   1.2757857028717614E-003
   1.2716403550665750E-003
   1.2674073301616039E-003
   1.2635041616183978E-003
   1.2610988937510875E-003
   1.2601167159712802E-003
   1.2608074718428693E-003
   1.2625957618701295E-003
   1.2647232096809097E-003
   1.2660247175932217E-003
   1.2669634265905817E-003
   1.2688861796135301E-003
   1.2760271722421646E-003
   1.2641128535135426E-003
   1.2632291477362890E-003
   1.2710457880580643E-003
   1.2786682673065054E-003
   1.2861270742635289E-003
   1.2935619521104080E-003
   1.3000781312183000E-003
   1.3068902994423841E-003
   1.3153527362635045E-003
   1.3251619544667600E-003
   1.3351197109962010E-003
   1.3425873396052963E-003
   1.3471980142741912E-003
   1.3522137899680149E-003
   1.3600420163893271E-003
   1.3686771538710403E-003
   1.3764990502019624E-003
   1.3845218562892254E-003
   1.3929153335121641E-003
   1.4011564170042605E-003
   1.4091744005806531E-003
   1.4169377039471233E-003
   1.4233425424060636E-003
   1.4292541983798065E-003
   1.4368954476406629E-003
   1.4504158496168042E-003
   1.4906153183720026E-003
   1.5102979687959077E-003
   1.4824247134196072E-003
   1.4857130289528827E-003
   1.4641742693785650E-003
   1.4536831458093144E-003
   1.4463309135974523E-003
   1.4406317361607640E-003
   1.4357078551735039E-003
   1.4304331153341962E-003
   1.4267294750042114E-003
   1.4261159568188173E-003
   1.4275928943431977E-003
   1.4279316221108449E-003
   1.4290796032785781E-003
   1.4380028204286882E-003
   1.4396065810621500E-003
   1.4372731428674459E-003
   1.4368882575403958E-003
   1.4374578302326000E-003
   1.4390773799267289E-003
   1.4405374732681313E-003
   1.4426834774075175E-003
   1.4410288285424519E-003
   1.4410397076438208E-003
   1.4418150664846031E-003
   1.4418565204616122E-003
   1.4415655820007272E-003
   1.4434781645734974E-003
   1.4476785954179055E-003
   1.4516827652270162E-003
   1.4560066977024179E-003
   1.4699109936231083E-003
   1.4594536530187492E-003
   1.4526577762236537E-003
   1.4457671283454733E-003
   1.4388059335409826E-003
   1.4321256563253593E-003
   1.4253553983947444E-003
   1.4198159069990744E-003
   1.4150700500606959E-003
   1.4101181404417118E-003
   1.4050384975049326E-003
   1.3997176896942975E-003
   1.3952826914850793E-003
   1.3925041752169253E-003
   1.3911920372633470E-003
   1.3915238136403606E-003
   1.3751309638234744E-003
   1.3745794764344745E-003
